unique_id,level_2,level_3,level_4,level_5
1968,0.21377434819420385,0.7270217322622352,0.015191145060579198,0.04401277448298173
1969,0.001973518517171809,0.0008548835179395049,2.159300062380192e-05,0.9971500049642649
1970,0.0069407198936730224,0.03160204114870324,0.0008569459246483796,0.9606002930329756
1971,0.06702730758452055,0.012264048297228939,0.0004361018288775403,0.9202725422893728
1972,0.14976466256841678,0.8038209677652296,0.003992341978302532,0.042422027688051166
1973,0.04507266470818138,0.78050449371908,0.004348460274283787,0.1700743812984547
1974,0.004444368245967238,0.02245368915299832,0.0004627595251067354,0.9726391830759278
1975,0.3217289682201024,0.347418483141268,0.010142493587134439,0.3207100550514953
1976,0.30292463274804177,0.12763014337446082,0.057754848580501665,0.5116903752969956
1977,0.005814851809281668,0.008181747146725992,0.00024029487292118718,0.9857631061710711
1978,0.0022506223154376095,0.012197495399374907,7.183276465535718e-05,0.9854800495205323
1979,0.5491778068929674,0.03446661644920129,0.07215790192147291,0.34419767473635854
1980,0.8899344009766399,0.022949358821967136,0.07630324585671211,0.010812994344681243
1981,0.6779764387025113,0.160441332181411,0.004583973988008959,0.15699825512806864
1982,0.003282961735559965,0.015151096227814279,0.0006436352265306048,0.9809223068100954
1983,0.7170194643871677,0.16151772843518677,0.011441803760160775,0.11002100341748498
1984,0.19217391062680678,0.033348403782907585,0.018362147889595067,0.7561155377006904
1985,0.5626925172982009,0.1254658944385037,0.08172274815366236,0.23011884010963335
1986,0.009521776285975714,0.01423845559522596,0.0002582677867760138,0.9759815003320225
1987,0.47031721321445463,0.4706873381431773,0.023705542981444963,0.03528990566092289
1988,0.6470690522127538,0.042971429632503985,0.09877130826646886,0.21118820988827341
1989,0.29847997536383597,0.028990088223643205,0.0005559370726028848,0.671973999339918
1990,0.028448949488890655,0.0010099486501505938,0.0002944128297054239,0.9702466890312533
1991,0.6959359090060746,0.20523541011125662,0.016414997849369548,0.08241368303329918
1992,0.3797094725691942,0.4671195879123734,0.0008972655726627351,0.15227367394576968
1993,0.9155398516255258,0.029036174663236356,0.008299687369013235,0.04712428634222463
1994,0.016511053032919863,0.8752687209057242,0.0016200402211286,0.10660018584022751
1995,0.10135403816302611,0.11347760653790145,0.005067013762912318,0.7801013415361602
1996,0.0007655530428791761,0.6298027795458387,0.00010296235781482812,0.3693287050534672
1997,0.16591099566716905,0.006565359967689229,8.642517696423913e-05,0.8274372191881774
1998,0.036296886262045525,0.01893813605809155,0.0013892715534862931,0.9433757061263766
1999,0.00794362552655747,0.02153069548756361,0.0007494205398789417,0.9697762584459999
2000,0.2843803301169419,0.6504265369919541,0.004028484629539522,0.06116464826156438
2001,0.4059066519041291,0.2134782709380807,0.004500040402792717,0.37611503675499747
2002,0.49664380305171507,0.4433056078526172,0.02464052583797712,0.03541006325769058
2003,0.10711048517032451,0.7194395874862396,0.0008873306799722694,0.1725625966634639
2004,0.6821736024552504,0.2644582126180146,0.01784264276569334,0.035525542161041423
2005,0.8616060840413831,0.08321142166503276,0.034003738113584855,0.021178756179999494
2006,0.0027783596421530896,0.00040462973256702114,7.417519342673017e-06,0.9968095931059375
2007,0.0030327931530738147,0.04902102677508473,0.005367012650195395,0.9425791674216459
2008,0.03773916266419949,0.0077290702306189426,0.07487137010170394,0.8796603970034775
2009,0.7610304612079082,0.14150178671416638,0.010421031661854827,0.08704672041607056
2010,0.0848957033580369,0.03870909465071194,0.0010591011530373148,0.8753361008382137
2011,0.007065857726522568,0.0271354942258602,0.009953223456888873,0.9558454245907285
2012,0.5708165042100897,0.31458024638189935,0.008165957391325333,0.10643729201668557
2013,0.28347022790690724,0.07970074098494065,0.0024133030406185553,0.6344157280675335
2014,0.028164240991836148,0.01279699760272231,0.00432790096589948,0.954710860439542
2015,0.18295907008002915,0.06151177743595314,0.40789465968879957,0.34763449279521785
2016,0.28265527292559695,0.03809714505031044,0.0005505975167070613,0.6786969845073858
2017,0.006741854408925577,0.005498847117535927,1.8332228022713047e-05,0.9877409662455159
2018,0.06050028398151659,0.19226107351266392,0.0034426975238736873,0.7437959449819459
2019,0.00025890952616241234,0.0037409565726425594,0.00028029752703044006,0.9957198363741646
2020,0.8563540872412522,0.09074262327632354,0.03596055983845069,0.016942729643973503
2021,0.7814942240573115,0.025090012419375272,0.13217855943098175,0.061237204092331646
2022,0.8885776497295614,0.08595212823280822,0.014194717366540682,0.011275504671089571
2023,0.33916483092405475,0.6095090590923294,0.026588165710689025,0.024737944272926776
2024,0.09088383943140277,0.7338264097204212,0.03995781340521032,0.13533193744296565
2025,0.6336706694857679,0.23185304498131049,0.014886920848234961,0.11958936468468667
2026,0.40982965128526744,0.07864123174933312,0.0025730235658908878,0.5089560933995086
2027,0.9002021534817264,0.008007004984033457,0.036680311228576123,0.05511053030566411
2028,0.0877608102315216,0.001346919767198967,0.000883667794711223,0.9100086022065681
2029,0.033099239465798756,0.5137753263778277,0.0013891500814551007,0.45173628407491856
2030,0.43032364405445706,0.15423448565676184,0.008753315490381637,0.4066885547983995
2031,0.8697004575594984,0.029302503861901967,0.06751853267122246,0.033478505907377096
2032,0.008061228395965361,0.30843014336141783,0.0004637557098993235,0.6830448725327175
2033,0.6725894977031472,0.2693494923816381,0.017522938177745726,0.040538071737468914
2034,0.38714710493087967,0.5391890552744842,0.009833061043971142,0.06383077875066513
2035,0.18732465177072902,0.6451406760553102,0.07481767288592878,0.09271699928803182
2036,0.009758350504513692,0.007492831803283388,5.296321026579646e-06,0.9827435213711764
2037,0.38729535781496743,0.13710460697016458,0.014678610074164662,0.46092142514070333
2038,0.09788977306801622,0.14055634331245023,0.004274008966705009,0.7572798746528288
2039,0.49239593270614346,0.44144294361739367,0.007270739273895831,0.058890384402567116
2040,0.028625284515378956,0.9272179123323323,0.014349146597635018,0.02980765655465384
2041,0.0030050094313773664,0.0016590293300668018,6.637731268731554e-06,0.9953293235072872
2042,0.42171817397564315,0.516835376331477,0.01557953820371899,0.0458669114891609
2043,0.03968169702627243,0.41677698559004495,0.03903912712515409,0.5045021902585284
2044,0.3485576611350505,0.4817101936743946,0.029939755566941652,0.13979238962361318
2045,0.16531302614570387,0.05886761765163692,0.0020912677122126608,0.7737280884904467
2046,0.004599253287969073,0.8330128050492345,0.03766669341017502,0.12472124825262143
2047,0.6816028344313472,0.23779128293688268,0.0018797109819452943,0.0787261716498249
2048,0.47149325575844814,0.46236446290517974,0.027757935495678607,0.03838434584069375
2049,0.03187656048611229,0.8554856233171735,0.0035680908959901695,0.10906972530072398
2050,0.0006792244187988278,0.027736780917736445,5.923732127549987e-05,0.9715247573421893
2051,0.5109439895211071,0.4468160494463259,0.023413306037056825,0.018826654995510138
2052,0.002966504291990563,0.11101119045323707,0.0037155112966790887,0.8823067939580932
2053,0.007819106312322516,0.10455599807454372,0.0015269633751961325,0.8860979322379376
2054,0.5706413451900493,0.37233235177741586,0.02794564377835333,0.029080659254181553
2055,0.47087573026966967,0.26795665366996596,0.008501329609956618,0.2526662864504077
2056,0.5252142839774602,0.4370971671285323,0.012601831227191902,0.025086717666815653
2057,0.40967965404041806,0.24825110105373388,0.0008163560275018784,0.34125288887834615
2058,0.013558980879547388,0.05100070831448894,6.663146085899923e-05,0.9353736793451047
2059,0.017614008351995416,0.009097562320492488,0.00011932237928505513,0.973169106948227
2060,0.8194131539913643,0.049747583298544326,0.00596311103556791,0.12487615167452362
2061,0.17110445061688268,0.0984206828075789,0.001642970591590712,0.7288318959839475
2062,0.5206283053289634,0.09011469368017602,0.1250754070881789,0.26418159390268164
2063,0.14485480592732075,0.8107835810726953,0.02123629698034217,0.02312531601964143
2064,0.0007611304641493936,9.414681263253241e-05,3.68327212189137e-05,0.9991078900019992
2065,0.10525254426132963,0.6412311909917946,0.008637552365602078,0.24487871238127376
2066,0.9854222021460977,0.0041731324018930045,0.005572981344009354,0.004831684108000134
2067,0.4762039803271635,0.07821583501292698,0.23108668491929898,0.2144934997406105
2068,0.33579068888637575,0.04138353885980692,0.017239714129498346,0.6055860581243189
2069,0.05842972508797591,0.9379488712598507,0.0009127659534837944,0.0027086376986897574
2070,0.4970862015512746,0.071031528295705,0.08566487232224557,0.346217397830775
2071,0.1702902820892431,0.00029710594233629096,7.574388023092539e-05,0.8293368680881894
2072,0.8642589084471599,0.0054053459088166805,0.001022508606824547,0.12931323703719882
2073,0.008250468937234032,0.008275173897297435,0.0001545316488163236,0.9833198255166524
2074,0.2860658486622104,0.08898539773065073,0.013612354865703733,0.6113363987414351
2075,0.1188100915694999,0.5716579805530008,0.005915114877617483,0.3036168129998821
2076,0.6150487654650645,0.3273532150634112,0.016880718954539815,0.040717300516984564
2077,0.11707780547811157,0.7833053068437663,0.09024567922307294,0.009371208455049115
2078,0.44135484834447847,0.3368555013755752,0.058563978362632774,0.1632256719173138
2079,0.8922392610306176,0.0332027123742593,0.05692520119791,0.01763282539721321
2080,0.2555400514946511,0.6818473885451787,0.03222689624631019,0.03038566371386008
2081,0.0537505537181156,0.22732131205372735,0.0035320712461084864,0.7153960629820485
2082,0.14697263239493713,0.014145166300098422,0.041916131412904595,0.7969660698920601
2083,0.6215811661499535,0.3083835475016015,0.009445922174562117,0.06058936417388297
2084,0.47838831466260134,0.47387170543995405,0.025461129841989193,0.02227885005545544
2085,0.06862429676754711,0.7497801549282649,0.0324971956951208,0.149098352609067
2086,0.001018345281751739,0.050710137393350965,0.0013515669268497827,0.9469199503980477
2087,0.004467625526876608,0.9786946099852891,0.0003462610519425833,0.01649150343589173
2088,0.8361463344758018,0.05338702363175561,0.018638901288269324,0.09182774060417326
2089,0.0226776711053389,0.8008182243698696,0.0021205737046923983,0.17438353082009922
2090,0.08903393633057095,0.42608219817287374,0.004224833739370591,0.4806590317571848
2091,0.05108257344281755,0.01301610400493244,7.618826559395229e-05,0.9358251342866561
2092,0.13795205920960893,0.05448285139794043,0.005132065864621008,0.8024330235278295
2093,0.0030472121611894772,0.02382465442557556,0.000291018004995513,0.9728371154082394
2094,0.0019524789261999658,0.9912571865957966,0.000770543548561352,0.006019790929441845
2095,0.010637485916947687,0.00016043287595835464,0.00020517958661305497,0.9889969016204808
2096,0.8264081269084256,0.018759019166989924,0.05740031110635946,0.09743254281822504
2097,0.0848962321783377,0.022261158286708466,0.05883263108236006,0.834009978452594
2098,0.033331998992584724,0.9631347521643789,0.0006978139586955119,0.002835434884340721
2099,0.19029426284653606,0.7020948044213391,0.04029258742700524,0.06731834530511943
2100,0.09297441625474029,0.8707823145400977,0.008787703696869036,0.027455565508293
2101,0.4315399295915466,0.3909716802974005,0.018612905074904134,0.1588754850361489
2102,0.6935125295533298,0.24655023617668098,0.018601104470902012,0.04133612979908739
2103,0.07137491796438616,0.22380497944259747,0.01296194952989232,0.6918581530631243
2104,0.8529407133050402,0.050075602296816776,0.04240792790868742,0.05457575648945556
2105,0.0905323701069212,0.13001401531099566,0.0069197982763861444,0.7725338163056971
2106,0.13618955786591325,0.013525193239517688,0.0001848757745791336,0.8501003731199899
2107,0.0017812494331123038,0.05416086445965218,0.0004893579279770767,0.9435685281792587
2108,0.0020657056582377136,0.02183663269647103,0.00010606976829743151,0.975991591876994
2109,0.25653536281018585,0.24171869421764122,0.004260165534032535,0.4974857774381406
2110,0.03954630978242017,0.1866735610363227,0.001161680076715319,0.7726184491045416
2111,0.9744993842943572,0.006632894902035885,0.013702956991615447,0.005164763811991427
2112,0.7080050451409299,0.12908594358718534,0.006068940605119066,0.1568400706667657
2113,0.19766545065983507,0.7310076292566875,0.04396878667412635,0.027358133409350983
2114,0.2810837040752502,0.029430422847248647,0.11266050370284711,0.5768253693746539
2115,0.08230493838553805,0.6103770356733039,0.006107721064105788,0.3012103048770522
2116,0.1788556233362897,0.1585571858097281,0.009225872258902614,0.6533613185950795
2117,0.6677324797869518,0.26704760792585386,0.027497809927552554,0.037722102359641616
2118,0.005073335580475612,0.028126496219244845,0.0018376147214135782,0.9649625534788662
2119,0.666157360164211,0.2214365743342579,0.02695267562151369,0.0854533898800175
2120,0.007920931604658128,0.00426641593369854,0.0034015838819788933,0.9844110685796643
2121,0.03639462451876756,0.047585305578593445,0.0001369909070985999,0.9158830789955406
2122,0.06628472417633931,0.9305754494627458,0.001572076233034772,0.0015677501278802469
2123,0.002290833968605019,0.013358852833665686,5.780214183687238e-05,0.9842925110558923
2124,0.01974565356272258,0.26395464705277666,0.00243062342836091,0.7138690759561397
2125,0.015942712925385218,0.46535329537789216,0.00028507870775093926,0.5184189129889716
2126,0.1426082714637644,0.019031134183133104,0.02183036456182075,0.8165302297912818
2127,0.028607889253842826,0.03660574530992888,0.0003074943202187058,0.9344788711160097
2128,0.005663247240291408,0.5281981131509257,0.0007606010027978346,0.46537803860598487
2129,0.021290701060831942,0.08554315675273955,0.0037326955168510284,0.8894334466695777
2130,0.0990333497094342,0.0231733466260121,0.49917272962155945,0.3786205740429944
2131,0.28942742813972927,0.6541234423727355,0.020034762733338977,0.036414366754196154
2132,0.028329612095902616,0.9652208428526553,0.0035925777614658648,0.0028569672899762567
2133,0.0010389131381465173,0.003465153914977031,2.210254503254222e-05,0.995473830401844
2134,0.03186863701437609,0.09534235072654244,0.0015559410584333382,0.8712330712006482
2135,0.0019217416268683515,0.006267350704105622,0.0008448965855349826,0.9909660110834911
2136,0.15022962333262058,0.003194724049508851,0.00015216276205386338,0.8464234898558168
2137,0.8650120469502814,0.01600155703232506,0.09356395318597585,0.025422442831417688
2138,0.00891078067650045,0.0021673691562141646,0.0001011592651087769,0.9888206909021767
2139,0.07064677026276531,0.23196560984657166,0.02556289899978404,0.6718247208908792
2140,0.005530740881217638,0.014210731297844375,0.000306197619256694,0.9799523302016814
2141,0.6952642938977376,0.11233159783324675,0.00929810880475215,0.18310599946426337
2142,0.41344679307351706,0.026443729505676927,0.001386915744128765,0.5587225616766773
2143,0.7231478243125968,0.202962645894284,0.014272396267908766,0.059617133525210614
2144,0.009750960586188066,0.8379420434486512,0.0011345587591223907,0.15117243720603837
2145,0.4645328090305799,0.4450304311183484,0.057787690376635385,0.03264906947443637
2146,0.0020385953377822516,0.02024048121654828,0.001120814704656779,0.9766001087410127
2147,0.008881434636323418,0.007222183051174103,0.00011028064672112707,0.9837861016657813
2148,0.03343504254553645,0.02520853685342194,0.00042259088293274713,0.9409338297181089
2149,0.5797128052840816,0.04349913965420568,0.173402057222641,0.20338599783907166
2150,0.17723443146559903,0.001825449123409322,0.000233038650961019,0.8207070807600307
2151,0.01871211602610144,0.04301030236194718,0.0007067531997324851,0.9375708284122187
2152,0.005944903965637998,0.014513111331618509,0.00016406077920828882,0.9793779239235353
2153,0.1282621652915975,0.6140412348654422,0.07559168545961185,0.18210491438334858
2154,0.2034143657130931,0.4848620890715475,0.0006762195676921125,0.31104732564766735
2155,0.07949689284732901,0.033631410494910266,0.00043128934514794957,0.8864404073126126
2156,0.349773783803225,0.4449098342895281,0.07329523707589042,0.13202114483135655
2157,0.006195857801615704,0.011897972968953074,0.0002994401452923184,0.981606729084139
2158,0.047376402536157644,0.0014116271890412917,0.0002049989956849649,0.951006971279116
2159,0.016087678439539888,0.3299593547433716,0.00021577882811397325,0.6537371879889746
2160,0.001347945786574053,0.3191045486621861,0.0008456637620551774,0.6787018417891848
2161,0.06296174522175223,0.6406179507477043,0.03809605690714886,0.2583242471233947
2162,0.003183885921751702,0.0082398480372209,0.00013333730482597634,0.9884429287362014
2163,0.07615080580175283,0.6174472735818454,0.00676748123576372,0.29963443938063805
2164,0.002079823531404198,0.7465831113509376,0.00013654568350832206,0.2512005194341501
2165,0.07120836450157769,0.325454545618119,0.016011405919375374,0.587325683960928
2166,0.654126585611182,0.06305937393300708,0.1208095100397654,0.16200453041604546
2167,0.07025033159270994,0.18816792254062042,0.008356538230241638,0.7332252076364278
2168,0.4974819456166214,0.0011469227499338725,0.0020515731570302995,0.49931955847641474
2169,0.8334704190972886,0.013521015293009343,0.07674924647551327,0.07625931913418871
2170,0.6210567295079611,0.3188354220777817,0.007244420075302883,0.05286342833895431
2171,0.6580556916480125,0.2653317501025729,0.013369762153778234,0.06324279609563638
2172,0.6495698480567677,0.28765915821132915,0.01614683889761849,0.046624154834284594
2173,0.1999667471690315,0.15772027704104497,0.001356013461655722,0.640956962328268
2175,0.6585155083714056,0.13587970388985654,0.030078703702420245,0.1755260840363177
2176,0.08401461174709049,0.024439918571387137,0.046957224385085636,0.8445882452964368
2177,0.16754705872258052,0.011597983366444634,0.0009163172931077962,0.8199386406178673
2178,0.6582810469103533,0.2598328055531486,0.012840423072670377,0.06904572446382774
2179,0.6592407969810737,0.2817626181372113,0.01639072737918345,0.042605857502531486
2180,0.3562814784915881,0.0019376757835309595,0.00027552276842291037,0.6415053229564582
2181,0.5804579828832271,0.31851903478476573,0.010110568227165447,0.09091241410484163
2183,0.39711421067704633,0.35162602682517,0.06272823554476241,0.18853152695302133
2184,0.2536309757255894,0.02692004763305544,0.04385625235035208,0.6755927242910029
2185,0.29013367365053644,0.6435963480655962,0.0035552144468609364,0.06271476383700665
2186,0.0031274051386536916,0.00014040614598139696,0.0005386089149477258,0.9961935798004171
2187,0.470164817556021,0.42938063566471874,0.015084527355831987,0.08537001942342812
2188,0.00214946439842944,0.9696026138471884,0.0021249762072469507,0.026122945547135366
2189,0.6186426922822348,0.20034098825173252,0.011283757603993114,0.16973256186203944
2190,0.10572042574004589,0.3161739410582022,0.001775710653925451,0.5763299225478262
2191,0.090239741410994,0.0004493996249674834,0.00014420324786604044,0.9091666557161726
2192,0.011117222169700038,0.009283213625883238,0.0008279701450945462,0.9787715940593222
2193,0.008212138436311356,0.8676124884188492,0.005014779937325007,0.11916059320751435
2194,0.0047077671216038,0.9865108326109464,3.3887124474983864e-05,0.008747513142974787
2195,0.002507799772715643,0.42691180132769974,9.144530663653046e-05,0.570488953592948
2196,0.033864031923618525,0.07198859593994336,0.0002842830426037941,0.8938630890938344
2197,0.011381794982956672,0.0003826981614650242,2.664514870660584e-05,0.9882088617068716
2198,0.0016800007051437208,0.9899818845846478,6.581275385336796e-06,0.008331533434823228
2199,0.05054033228554016,0.09853022685867589,0.0009488970851925576,0.8499805437705915
2200,0.5101277441547105,0.17535382317153164,0.039012672629771594,0.2755057600439862
2201,0.03829231904657163,0.8403064620521042,0.007282606978697157,0.11411861192262716
2202,0.0011344498230439547,0.8011515956653605,6.860835059154143e-05,0.19764534616100385
2203,0.0002532069394269238,0.014386670303369462,5.1914986896762484e-05,0.9853082077703068
2204,0.35049299362270286,0.07900536264257732,0.13388708762651386,0.4366145561082061
2205,0.0011640693658404103,0.23036154011664378,5.714337585630421e-05,0.7684172471416595
2206,0.05814219946139975,0.006260284549923231,0.00011607192352046887,0.9354814440651564
2207,0.5602050472122957,0.33135474676793963,0.10432606835539453,0.004114137664370252
2208,2.3286681710144556e-06,1.3016521817396159e-06,7.785406923334295e-07,0.9999955911389549
2209,0.18463476356477448,0.054543986689769834,0.15757779916051678,0.6032434505849391
2210,0.01783365323615338,0.03707697033091209,0.0018941954515036554,0.9431951809814307
2211,0.015610602836187022,0.851417958344493,0.005162117912379187,0.12780932090694092
2212,0.04934444704898735,0.17022556255088833,0.0006897661446321339,0.779740224255492
2213,0.031205038687207635,0.002583126590963716,0.0003105151465568778,0.9659013195752717
2214,0.2750216568361216,0.11552399376988692,0.002875386364785333,0.606578963029206
2215,0.6595815898750903,0.18824580618781606,0.007610222925713509,0.14456238101138025
2216,0.6809809801803741,0.26262676297642384,0.01728541852800779,0.039106838315194126
2217,0.05407192220369845,0.12467388647273317,0.0014059586322229681,0.8198482326913455
2218,0.5381005297258505,0.0729630862480315,0.10629180731538489,0.2826445767107331
2219,0.7693445787249085,0.12480709461557245,0.05442086404755964,0.05142746261195955
2220,0.37353518474658076,0.07014622009295265,0.0008081312588275127,0.555510463901639
2221,0.6216435659650286,0.047018578025896554,0.011332827252286985,0.3200050287567879
2222,0.0021736211427055624,0.8037010490952907,0.00012553058378474583,0.19399979917821908
2223,0.9421839124076052,0.012235080455789507,0.03814687471279826,0.007434132423807041
2224,0.4715016091080914,0.48893092385056836,0.026286131462447127,0.013281335578893152
2225,0.01469387018166535,0.05952640960336823,0.0016703566936825316,0.924109363521284
2226,0.5802605869066431,0.003316284295076486,0.0009260895307416632,0.41549703926753895
2227,0.3471242795034828,0.4335048556945218,0.08767184155750121,0.13169902324449387
2228,0.3483304411472408,0.026311830080258485,0.2409049542914766,0.3844527744810242
2229,0.0053247020343511805,0.01680294108392966,0.00036874321564219495,0.9775036136660773
2230,0.1759234740809754,0.7158963579769737,0.05097187309459861,0.05720829484745244
2231,0.0017064102243374841,0.447993616136521,0.0004466513354012287,0.5498533223037403
2232,0.05054097704474929,0.922329556732792,0.008877015738879404,0.018252450483579173
2233,0.012448130539539592,0.00047943868351888575,6.885048597759187e-05,0.9870035802909638
2234,0.12785050245332608,0.021652514182510647,0.04390283770509641,0.8065941456590668
2235,0.513243995410315,0.014235827849753186,0.03451297029786098,0.4380072064420707
2236,0.16804854620340193,0.14738663532379034,0.036991456345317926,0.64757336212749
2237,0.6884526829033017,0.05695439883944436,0.08191272427400205,0.17268019398325168
2238,0.25849781936979355,0.6908331424717097,0.022360898621541857,0.02830813953695467
2239,0.01444548513674765,0.0019275899789208415,3.747419403520914e-05,0.9835894506902962
2240,0.003810112485381114,0.9450002353183953,0.00023081087388897499,0.05095884132233458
2241,0.7009724834914782,0.2276780575797544,0.018461198317575155,0.05288826061119241
2243,0.2159940610160075,0.619124744964048,0.0014881288222481645,0.16339306519769642
2244,0.09370150814999573,0.6521890981787923,0.0014998683138916472,0.2526095253573203
2245,0.005103725941637557,7.39649666460754e-05,0.0002896848063967129,0.9945326242853196
2246,0.25864115568865204,0.5281642831286635,0.08334020570802476,0.1298543554746598
2247,0.002179598598050207,0.20500269601352855,0.00010908229796345467,0.7927086230904576
2248,0.0035737297388993335,0.9657192114904253,0.0019487749274045903,0.028758283843270685
2249,0.005052079464008491,0.12664184814780374,0.019410240164940112,0.8488958322232478
2250,0.23022147119916758,0.19107067686798265,0.006362202902751047,0.5723456490300988
2251,0.4851943313026458,0.13103130278644856,0.11019473225959944,0.27357963365130605
2252,0.41416945773756275,0.14729121393101746,0.04250218675564478,0.39603714157577496
2253,0.199233739612172,0.23263853600080672,0.0003449892019694605,0.567782735185052
2254,0.006425379956237849,0.2721828966453928,0.00016128204129946244,0.7212304413570702
2255,0.008887230195236167,0.20952475787646285,0.016753428441879863,0.7648345834864212
2256,0.4151121539503977,0.5566118232279381,0.012086254541558945,0.01618976828010529
2257,0.12348686316649861,0.022423412822128508,0.0005606572381513495,0.8535290667732217
2258,0.28686724595020197,0.24777923535948834,0.03227042681359104,0.4330830918767184
2259,0.2278880048689675,0.7236572400501246,0.018545494845978786,0.029909260234929062
2260,0.0522336535463624,0.20261570004274249,0.0006542496102671215,0.744496396800628
2261,0.3900757509243454,0.5319423475255698,0.007112263104826353,0.07086963844525868
2262,0.3050975673179697,0.6149345118993143,0.032130414072692376,0.04783750671002351
2263,0.009112107265730229,0.011916909398031705,0.000515897365820776,0.9784550859704175
2264,0.1904301855617123,0.5776460729877041,0.0022667454913814717,0.229656995959202
2265,0.03280226139508229,0.8630236338946784,0.002339699905715134,0.10183440480452413
2266,0.6443845210557414,0.24167884428656344,0.008071607322708091,0.10586502733498736
2267,0.5704882029748142,0.0619603362470815,0.0926391148666793,0.274912345911425
2268,0.7886576225219397,0.022494498897063314,0.05195824053104123,0.1368896380499558
2269,0.029535365715339983,0.9657514024189469,0.0032112222250188947,0.001502009640694326
2270,0.006985297389429911,0.06266069913165875,0.0060574630668108805,0.9242965404121003
2271,0.040128625881798295,0.011300550482325998,0.038585002489766776,0.9099858211461088
2272,0.6232994405459842,0.05413840707748225,0.008182713733390008,0.31437943864314366
2273,0.06700443602289707,0.45767853413381687,0.04430951982620929,0.4310075100170768
2274,0.0031086585456986567,0.11405878531643229,6.131056298027649e-05,0.8827712455748886
2275,0.8973924378612248,0.00854516453948047,0.028253235589476643,0.06580916200981796
2276,0.01412575129099648,0.013088459203899378,0.001973495180467559,0.9708122943246366
2277,0.41072286913508216,0.32002524262814314,0.005112003911601604,0.264139884325173
2278,0.267450262163816,0.0042620377627369845,0.0005921982029849442,0.727695501870462
2279,0.5165225778633131,0.16711989726309368,0.07483520299884824,0.24152232187474487
2280,0.8630026938094797,0.017282718133833596,0.015257252559288191,0.10445733549739836
2281,0.1662490258529042,0.001293740751196548,0.00016942931451631584,0.832287804081383
2282,0.06460311151097761,0.49811801405532596,0.010821588145112037,0.42645728628858437
2283,0.610898941423357,0.3223619719455019,0.01758866765341427,0.04915041897772682
2284,0.2505698862110003,0.5306368649783851,0.06839813889419571,0.15039510991641886
2285,0.14079840781469624,0.8095597815906803,0.033546922899787224,0.01609488769483604
2286,0.21357584477294345,0.005785850361443317,0.06434086653219738,0.7162974383334159
2287,0.08175666734943321,0.006292099422457302,0.032324520874055074,0.8796267123540544
2288,0.0057534930065186885,0.7413474730224443,0.0014752165998671424,0.25142381737117003
2289,0.6912306424939578,0.16078678184471296,0.005568926102618972,0.14241364955871055
2290,0.8011852891205666,0.04986131681080072,0.1383492746743741,0.010604119394258671
2291,0.6821020094478032,0.11698963985967537,0.0530537953077191,0.14785455538480227
2292,0.0008545874733366617,0.0025773167487432923,3.964479832131528e-05,0.9965284509795987
2293,0.9201639652481653,0.003209515716703094,0.058719683314227195,0.017906835720904287
2294,0.16720149928328565,0.6270753791927512,0.026022610133051488,0.17970051139091175
2295,0.6966733626023701,0.2510154368229177,0.019740990455999873,0.03257021011871232
2296,0.7223104591516917,0.25531039629261504,0.003359024215753023,0.019020120339940116
2297,0.007007384481290888,0.046318704218096904,0.003133595051698008,0.9435403162489142
2298,0.03930315170425144,0.27155202263906364,0.0007941025565346871,0.6883507231001503
2299,0.8037365193866923,0.17614886184750558,0.009164581065331759,0.010950037700470525
2300,0.611648840465955,0.07754171881601078,0.006801242656022303,0.30400819806201196
2301,0.13250638474511012,0.28618264174439534,0.0018065219389927856,0.5795044515715015
2302,0.23955052173875735,0.7299429738861779,0.01568735420365876,0.014819150171406219
2303,0.007834606943406729,0.05078966864020308,0.0003584169513811777,0.9410173074650089
2304,0.08564651248898068,0.017788751773363004,0.06547072037652082,0.8310940153611355
2305,0.8972664399770984,0.01126221882418733,0.06082574145823758,0.03064559974047671
2307,0.01062789263174353,0.0005448774163125561,1.907837389405601e-05,0.9888081515780498
2308,0.07151882297693105,0.00026652565143729504,3.620122296377589e-05,0.9281784501486678
2309,0.03277163331902687,0.2502526545687473,0.010357321112428236,0.7066183909997976
2310,0.4505902360461941,0.4868232679710345,0.026487723063940854,0.03609877291883054
2311,0.6310849446645128,0.15179670165281345,0.02621494918291796,0.1909034044997557
2312,0.007849074404700097,0.0034911700534381363,2.4134659535797015e-05,0.9886356208823259
2313,0.0025012254280957396,0.002467301826829575,0.00013545476681002782,0.9948960179782647
2314,0.35557319437024765,0.17913789581411993,0.005145410876753518,0.4601434989388792
2315,0.00544011663930498,0.057611313510598394,4.3877147945942396e-05,0.9369046927021506
2316,0.5730019741264825,0.1505483295625959,0.002721930726955553,0.27372776558396616
2317,0.02469511569514577,0.9158339860137426,0.0023997774528559885,0.05707112083825557
2318,0.05253189523324488,0.07181084401796789,0.00042101547532498885,0.8752362452734624
2319,0.1814855760780282,0.18053318960026937,0.02644285423193531,0.6115383800897671
2320,0.5604357248477251,0.3888575865263587,0.014255091605355569,0.03645159702056044
2321,0.0012957264523827088,0.010030582719926049,3.639016244734713e-05,0.9886373006652438
2322,0.049407197797095556,0.7482249144337194,0.003013001219894068,0.19935488654929093
2323,0.07586913176481733,0.12459676079801543,0.005724555488410865,0.7938095519487565
2324,0.0007148069219516788,0.0021474209858950706,4.4852424609706957e-05,0.9970929196675435
2325,0.003704977454847392,0.8971942255878407,0.00024191708811868828,0.09885887986919345
2326,0.4281128698571663,0.05215649094649559,0.06163610553187433,0.4580945336644636
2327,0.014457280704658891,0.927382819299772,0.015152869316181723,0.043007030679387485
2328,0.00627815164209305,0.0326652740772706,0.002210274329717468,0.9588462999509189
2329,0.662176961606306,0.27847994196256476,0.017217699740507294,0.04212539669062209
2330,0.0002896471029666983,0.000757449391141668,1.340451403031171e-05,0.9989394989918614
2331,0.0006384947355520759,0.00034649457176271604,8.198527804058839e-06,0.9990068121648812
2332,0.16662176970949077,0.42712798375352556,0.010762732289873369,0.39548751424711026
2333,0.023355360970985745,0.0016148601981068168,4.2205887886247584e-05,0.9749875729430213
2334,0.614315245295779,0.3395514159049442,0.017100176647219432,0.02903316215205755
2335,0.01805954332156136,0.022712367928382923,0.0007287762296558619,0.9584993125203998
2336,0.003186627391482392,0.00926559669145967,0.0025598822170464814,0.9849878937000115
2337,0.6632321795139706,0.07541588531797862,0.06503183336740576,0.19632010180064513
2338,0.05218388389167587,0.8202155187735938,0.017047442031289765,0.1105531553034404
2339,0.028068863297862495,0.0077546560614716745,5.870599085202593e-05,0.9641177746498137
2340,0.0012780774749855516,0.00043925747231908356,2.0754327948901266e-05,0.9982619107247463
2341,0.12335874107896184,0.6150955857407076,0.035146771240115636,0.22639890194021486
2342,0.7203895872616162,0.032935309655295474,0.05817877569942146,0.1884963273836668
2343,0.031112395454660883,0.2641271663078799,0.01812236305963441,0.6866380751778246
2344,0.651927555232588,0.14478399204061365,0.06153646828608793,0.1417519844407102
2345,0.049970369981563845,0.9056931115902935,0.009433084073461275,0.034903434354681205
2346,0.337878013829619,0.4470479747668019,0.04163713345371056,0.17343687794986848
2347,0.061523883830928605,0.10930462316176229,0.08849712621118128,0.740674366796128
2348,0.08213023117275131,0.12536195375333556,0.0029007067228065545,0.7896071083511065
2349,0.16874386929797963,0.7197957965494927,0.0020782529130244434,0.10938208123950313
2350,0.4656260795573961,0.27228576834108376,0.014870593645211792,0.2472175584563085
2351,0.016438949328453304,0.04957327178460011,0.002479862340536201,0.9315079165464102
2352,0.14612240834583418,0.003671323124080885,0.00022995568866651862,0.8499763128414186
2353,0.0008267289622647441,0.0008109584181192374,2.7668309928031596e-05,0.9983346443096879
2354,0.27057311716803045,0.15608567825043806,0.0529134543278052,0.5204277502537265
2355,0.20293698214884298,0.7510933463160165,0.016976953810660403,0.028992717724480095
2356,0.03363044131284273,0.05902533343798738,0.004649736967203987,0.9026944882819659
2357,0.39303099556812604,0.5483955574046693,0.029779407320892386,0.028794039706312315
2358,0.12082946665874603,0.7333222440252449,0.036790704578313106,0.1090575847376956
2359,0.09358709219144734,0.8824360251454835,0.01035436281143916,0.013622519851629952
2360,0.47440428330323725,0.4301414360633039,0.025459950241155653,0.06999433039230302
2361,0.020776736920966196,0.9288263662980261,0.0014916513752289721,0.048905245405778675
2362,0.43367607118150386,0.10094025282727098,0.133481006707051,0.33190266928417433
2363,0.3393032032199499,0.5835778260466945,0.0201789118567651,0.056940058876590365
2364,0.0027261873186336773,0.01064271301849918,3.000648985501189e-05,0.9866010931730123
2365,0.46265530812226685,0.5005136724706238,0.022984245609974887,0.013846773797134379
2366,0.013893054463385032,0.019157386556520647,0.00044483262395146465,0.9665047263561428
2367,0.005787297817578489,0.007356596128629687,0.0016372525661088736,0.9852188534876829
2368,0.00024930615408994054,0.0006831870508654935,1.4640668289376786e-05,0.999052866126755
2369,0.2558505703588274,0.04971499725664974,0.0011773627151993996,0.6932570696693233
2370,0.0025353752703417866,0.2515860014161647,0.00011129241397926637,0.7457673308995143
2371,0.028557791279054737,0.315859469861829,0.007864287666932073,0.6477184511921841
2372,0.14915918931637395,0.05144596811752512,0.0551690831598077,0.7442257594062931
2373,0.01611714173079754,0.8209930742995738,0.020537789188535886,0.1423519947810927
2374,0.6217359768821289,0.35260007698072793,0.0032102489541268476,0.02245369718301605
2375,0.026921802994920502,0.24746704679987952,0.00025074571099390196,0.7253604044942061
2376,0.15087812930277317,0.026156901249039684,0.00018282220936334986,0.8227821472388238
2377,0.08914107961240703,0.2616310670847759,0.009684030114776788,0.63954382318804
2378,0.03436503226181258,0.8455538645601468,0.01811708575578209,0.10196401742225855
2379,0.10071825640398994,0.014287357890974135,0.026647119222367455,0.8583472664826683
2380,0.08383652294861284,0.15344258137693012,0.031314199802597725,0.7314066958718592
2381,0.32004348143701516,0.11233637606658102,0.11308008431495851,0.4545400581814453
2382,0.2820708203502702,0.6736462054154314,0.023636232976202903,0.020646741258095656
2383,0.653834776853693,0.018892677091954288,0.055622879956001486,0.2716496660983515
2384,0.006009878318215825,0.057161623669186805,0.0003029056748901937,0.9365255923377072
2385,0.3125718108457743,0.6192515090789064,0.054781468838147926,0.013395211237171445
2386,0.0019650683900627255,0.00026079846364641734,0.0005484162941803358,0.9972257168521106
2387,0.592187384103937,0.06623105453164065,0.0589539099570784,0.282627651407344
2388,0.014542909651452614,0.21078381098168864,0.00016718453570744197,0.7745060948311515
2389,0.47805695320944136,0.48339051922189435,0.01337257378482649,0.02517995378383777
2390,0.05201905197291632,0.008306662443274382,0.028773134947601347,0.9109011506362079
2391,0.5104731791482062,0.09540908573166605,0.006111181170355184,0.38800655394977257
2392,0.20948665091642338,0.7265980896568595,0.0016744062320550718,0.06224085319466212
2393,0.06142629988054937,0.3399853175288843,0.004483776965641566,0.5941046056249246
2394,0.3433112357418659,0.6196545806927793,0.022480672153133,0.014553511412221786
2395,0.66504751019474,0.276646110920433,0.0172926115659465,0.041013767318880665
2396,0.1923802640635382,0.37654101180134286,0.02090302531632065,0.41017569881879823
2397,0.3659681012948388,0.05173273945707055,0.0008498878344802724,0.5814492714136101
2398,0.5480152397475089,0.023181990258525707,0.03204846320757952,0.396754306786386
2399,0.3447979356910378,0.05919865717904183,0.10191043739194018,0.4940929697379801
2400,0.0014282237580649638,0.001412682374114221,7.610274511528082e-05,0.9970829911227057
2401,0.0007878053117058563,0.7687010097950361,0.0001405136212484328,0.2303706712720097
2402,0.007017455919705816,0.011580687817496278,0.0022466753477478987,0.9791551809150504
2403,0.006856047748290326,0.03875244736150718,0.0004130467088886027,0.953978458181314
2404,0.0005289965211957535,0.0025552994276747476,8.91320936280425e-06,0.9969067908417668
2405,0.009521231927555189,0.005201619640732775,1.0216980309341226e-05,0.9852669314514026
2406,0.08051548679558891,0.002146295784629407,0.00038790604032127815,0.9169503113794605
2407,0.1242772010192639,0.31718220750954806,0.00431350561144204,0.554227085859746
2408,0.1291658931988159,0.07391442287682608,0.01693030855069478,0.7799893753736633
2409,0.0015620566196248864,0.009501590449187018,7.99961637153967e-06,0.9889283533148165
2410,0.661289688612215,0.27971043925765793,0.01720963957182401,0.04179023255830313
2411,0.6863249111803617,0.15417456799443777,0.004849563465187992,0.15465095736001255
2412,0.3538510706756971,0.5410860603713878,0.03902226540999103,0.06604060354292401
2413,0.44371950586364867,0.18915507649134153,0.06104540678411842,0.30608001086089154
2414,0.3069255497073028,0.04294906398456402,0.10059498503130951,0.5495304012768237
2415,0.05804743691743702,0.8602568005572356,0.01278865031629478,0.0689071122090325
2416,0.9003708414195979,0.07424400856409041,0.008970451447248964,0.01641469856906272
2417,0.013068922080279002,0.48295192185357383,0.007563886852914628,0.49641526921323254
2418,0.6055750940975753,0.32358311413070223,0.014424329373644865,0.05641746239807753
2419,0.08524815659574225,0.07902865181312552,0.00019563278406995818,0.8355275588070623
2420,0.5355865437428462,0.21482810181321893,0.07795396232600083,0.17163139211793416
2421,0.0014262188757724595,0.9566948935159276,0.0003967483390222066,0.04148213926927771
2422,0.0021211305970488363,0.02568389443756189,0.0009275572641089571,0.9712674177012803
2423,0.7233073659712184,0.16412343919840633,0.04622110925461079,0.0663480855757646
2424,0.17222537943803312,0.46185845567722195,0.0007423767588636139,0.36517378812588147
2425,0.5475205188536276,0.11570021239487072,0.08092447416955266,0.25585479458194915
2426,0.10855984519336062,0.016323088632494123,0.008751343523227538,0.8663657226509178
2427,0.08135996834725015,0.011413287100663576,0.09077407007016747,0.8164526744819189
2429,0.6154570934409467,0.34635305575069464,0.018626689498627107,0.01956316130973161
2430,0.14325817624859044,0.032339697137775444,0.013468767189760174,0.8109333594238739
2431,0.8289704832710711,0.1345092663116658,0.008528847195937377,0.027991403221325664
2432,0.14246976765849803,0.047079987230847276,0.0008231588042806562,0.8096270863063739
2433,0.0023052595117793477,0.006263155476934677,1.1356338383354648e-05,0.9914202286729028
2434,0.021700326734716786,0.5468899220526295,0.0004139440059383349,0.43099580720671526
2435,0.010614165454639404,0.005183591127594793,0.00024672484460210465,0.9839555185731637
2436,0.008933508732705889,0.00038574465831708307,0.00032249600032378746,0.9903582506086531
2437,0.027297302662675178,0.38421633558006385,0.0006597829361209473,0.5878265788211399
2438,0.6570818503243367,0.051967946365802445,0.07262146578646198,0.2183287375233987
