unique_id,level_2,level_3,level_4,level_5
1968,0.17774819244658868,0.7507195884997765,0.01376953915883984,0.0577626798947952
1969,0.0016118649992725384,0.0004017413228072938,1.0367408703235935e-05,0.9979760262692168
1970,0.006528359431342039,0.010298222433539226,0.0004922089869008367,0.9826812091482178
1971,0.03270523767270817,0.005736634161905024,0.00010674769946181236,0.961451380465925
1972,0.10774670810055251,0.8713836074627557,0.0030789649420196615,0.017790719494672026
1973,0.05950645330600784,0.7561704164318896,0.011769548942788591,0.172553581319314
1974,0.005030109059014488,0.017901937615117408,0.0005020137804150957,0.9765659395454531
1975,0.3016533797873623,0.3712071245610087,0.014779721311374727,0.3123597743402545
1976,0.27709483062987467,0.12734477731861088,0.034469236646502886,0.5610911554050114
1977,0.00215738601622988,0.005913158221563452,0.00011149170707352422,0.9918179640551331
1978,0.001916263498370894,0.008425711070165398,2.74367381331569e-05,0.9896305886933308
1979,0.4043121066759921,0.043551899151483574,0.0575112211649454,0.49462477300757873
1980,0.9411217826131676,0.018050035512535072,0.03705110799443312,0.003777073879864462
1981,0.6057682183611853,0.24980564880217718,0.003551685604022209,0.14087444723261539
1982,0.004000446805502366,0.006954059709992897,0.00046775326806149797,0.9885777402164433
1983,0.6135166105064088,0.13701404041675988,0.008659124138267115,0.24081022493856427
1984,0.19570471511768917,0.034741014780146566,0.01609611447507136,0.7534581556270924
1985,0.5612159018470771,0.06675986763852346,0.08782946974117883,0.2841947607732204
1986,0.00635993638376759,0.015234124191140166,0.00011700680153643802,0.9782889326235559
1987,0.3756225604794228,0.5455661052189016,0.023759804045998693,0.055051530255676696
1988,0.6775655991435146,0.040878106035536654,0.10139023813748961,0.18016605668345936
1989,0.18115895244149338,0.02396472353589032,0.00022002931585831997,0.794656294706758
1990,0.055572451876707785,0.0011221704122201322,0.0006141931574430101,0.942691184553629
1991,0.6595777324572228,0.2111812686963978,0.012663051695394653,0.11657794715098481
1992,0.3683829404151894,0.4760848151675476,0.0007358594511177275,0.1547963849661453
1993,0.8285154492875773,0.09789000737000782,0.009747336013439202,0.06384720732897556
1994,0.026592427095952848,0.8933990913056903,0.00198546009481696,0.07802302150354012
1995,0.07684159893803996,0.14169717375421795,0.004933427720801772,0.7765277995869403
1996,0.0003628423112653767,0.6740110941465719,3.295216629935744e-05,0.32559311137586355
1997,0.15872786395697072,0.008396590405577118,6.666791487274527e-05,0.8328088777225795
1998,0.04071545155496003,0.013417466182642614,0.0013911505617912156,0.944475931700606
1999,0.0044941619138761674,0.011690062890372131,0.0005921089981923042,0.9832236661975594
2000,0.23117990972278063,0.6803144738960838,0.0022544281290635556,0.08625118825207195
2001,0.3786156488771155,0.3247362982717305,0.006813944938288047,0.28983410791286607
2002,0.4225935114247808,0.49591613318715316,0.027883570818000476,0.053606784570065784
2003,0.10134040924020886,0.6898203919234176,0.00036289546447985867,0.20847630337189382
2004,0.6657340845741901,0.2508331082243448,0.016806374687337932,0.06662643251412727
2005,0.7377996208812321,0.18261634958427278,0.0562549055442557,0.02332912399023943
2006,0.0016839423845016166,0.0003682507308586105,3.548475491375802e-06,0.9979442584091486
2007,0.0035465800301361884,0.06566667526181383,0.006890498038945447,0.9238962466691042
2008,0.01834352097387754,0.00637287901460268,0.04588078873154937,0.9294028112799705
2009,0.6000218831687553,0.2416831742506833,0.02158705275904595,0.1367078898215155
2010,0.06336880667592171,0.026548959738105327,0.0007097982313952224,0.9093724353545777
2011,0.005862793694326214,0.014140072209512447,0.0061141279797013205,0.9738830061164605
2012,0.5408273982322157,0.23510304962685696,0.005417282824452922,0.21865226931647438
2013,0.3741736437135433,0.09627421680358107,0.003943424511065038,0.5256087149718107
2014,0.011279900839316384,0.00634315653374127,0.0016595215477199926,0.9807174210792222
2015,0.15325697252202256,0.07317225835755763,0.302087369735538,0.47148339938488165
2016,0.21191636304139527,0.035074736337710966,0.0004688792974768457,0.7525400213234167
2017,0.007850108317245438,0.009625919574705493,1.0341446298486086e-05,0.9825136306617505
2018,0.050038795934504755,0.1054099888396159,0.0019427183591646318,0.8426084968667145
2019,0.0003788965842167215,0.003440814863879247,0.00016502914881770091,0.9960152594030864
2020,0.7822694078940065,0.14894402451388175,0.05407492838383557,0.014711639208276051
2021,0.7650327934541532,0.05237723975222387,0.13224822747284207,0.0503417393207809
2022,0.7948179195338416,0.17567983882968582,0.017687455388572117,0.011814786247900331
2023,0.28224323321326494,0.6532523526758125,0.02952537421787499,0.03497903989304768
2024,0.11825990049861972,0.5662170356949193,0.08570712407773498,0.22981593972872616
2025,0.5493860588929521,0.16227365271040084,0.012941187883362093,0.2753991005132846
2026,0.430919972460662,0.11697012676492588,0.005900153221717299,0.44620974755269466
2027,0.928764287397247,0.007707343694250539,0.021520089067339054,0.04200827984116371
2028,0.07728847036884987,0.0016891100663234911,0.001130629938916227,0.9198917896259103
2029,0.05368019576166078,0.4903874521842855,0.0030358855881957316,0.45289646646585796
2030,0.19366089090379238,0.1184401088204056,0.004123168607322375,0.6837758316684798
2031,0.9184918862334401,0.022102387088053437,0.041958542631924604,0.01744718404658232
2032,0.0047455167529654885,0.3000375346571281,0.0002875418835049467,0.6949294067064014
2033,0.6498652057623792,0.25775948541779337,0.016503606914437686,0.07587170190538996
2034,0.3356869927745798,0.6097127820726437,0.010900306202690144,0.043699918950086195
2035,0.09234248508273664,0.6669506298192324,0.03685992350090419,0.20384696159712667
2036,0.009784164318198806,0.014585267577942452,1.8878737652239085e-06,0.9756286802300933
2037,0.6300586600394593,0.12294164419255017,0.013807745437824459,0.23319195033016563
2038,0.06602106904413589,0.21056860770022764,0.0031596835858303217,0.720250639669806
2039,0.4138000782339894,0.5011965857168925,0.011137573720028627,0.0738657623290893
2040,0.018720508046981787,0.9512133005516413,0.015420515374064575,0.014645676027312225
2041,0.002083067822712941,0.0026380411348919538,4.5828550667211495e-06,0.9952743081873283
2042,0.4416893455173565,0.4440267453050512,0.020793275967275145,0.09349063321031698
2043,0.040593628738446866,0.22209627442256702,0.04387942847603648,0.6934306683629498
2044,0.3421229128239073,0.5205579009994485,0.0499454125142352,0.08737377366240871
2045,0.24139819922309022,0.11263678780896946,0.006445623961289041,0.6395193890066513
2046,0.0052423035372330395,0.7518432596336795,0.05578695140474165,0.18712748542434604
2047,0.6593209461169205,0.23102085451957022,0.003858402007369272,0.10579979735613951
2048,0.2620295416904608,0.6846754712176663,0.01606416671088236,0.03723082038099057
2049,0.060888651211097045,0.7894503428916672,0.006041418802856902,0.14361958709437905
2050,0.0004235294725122768,0.02090839274451109,2.0456805200928813e-05,0.9786476209777759
2051,0.30404589880328076,0.6560762929855677,0.01866944855655796,0.02120835965459367
2052,0.0033875245563721183,0.11207446831281798,0.002232749083287147,0.8823052580475226
2053,0.00475415270174405,0.03454086262213796,0.0008207723522714632,0.9598842123238467
2054,0.268173835678065,0.692986558594803,0.01612053301139208,0.02271907271573982
2055,0.2916606655113152,0.2363937054215776,0.004166891850358433,0.46777873721674884
2056,0.1667456813982015,0.8129797860556662,0.0072211245791120515,0.013053407967019853
2057,0.2513531085427433,0.3288726055967201,0.00013463314642679256,0.41963965271410947
2058,0.010855199443950582,0.04032420832492893,5.602759692418167e-05,0.9487645646341961
2059,0.020633229032118085,0.009406466302598447,0.00012670974916894332,0.9698335949161142
2060,0.8272276308262608,0.033646262404663944,0.0035061064715179407,0.13562000029755727
2061,0.16573825704657186,0.13961342712310082,0.000814650534969185,0.6938336652953584
2062,0.602756796087399,0.07199742426544972,0.14879127301927758,0.1764545066278737
2063,0.1143218410153451,0.8271051154169261,0.030940579497985843,0.027632464069742655
2064,0.001435471293752356,0.0001646840011446063,8.719343744149746e-05,0.9983126512676617
2065,0.08787433736448193,0.6233736418081363,0.008397522349365692,0.2803544984780166
2066,0.9785306092893921,0.008598691624678405,0.008319060780977418,0.004551638304952304
2067,0.5019654531699665,0.24334186430434251,0.06333999025308826,0.19135269227260268
2068,0.4024157663478098,0.030565356875421883,0.03307468058632352,0.5339441961904443
2069,0.022098326461957894,0.9759134721907945,0.00038986309576660336,0.0015983382514807968
2070,0.3962701474266276,0.07778769196730348,0.06305382109035206,0.4628883395157174
2071,0.07168278823049168,0.00035005755057015113,4.0019197242098994e-05,0.927927135021696
2072,0.8059035737135258,0.00807831834660663,0.0005377007953845487,0.18548040714448322
2073,0.002797251390319419,0.005934504109807169,7.144990950284527e-05,0.9911967945903704
2074,0.6174969843623075,0.1269832904884233,0.012720859067463331,0.24279886608180606
2075,0.12000362106790553,0.6460779094077393,0.002203166963527629,0.23171530256082715
2076,0.5917895964354358,0.31627064721104137,0.01653025336660092,0.07540950298692187
2077,0.07759178647430048,0.851616119536169,0.06438498041367466,0.0064071135758560945
2078,0.5061262919395302,0.2565213551013872,0.04275738475480085,0.19459496820428182
2079,0.9160056200765306,0.033811708139857476,0.03270791332072574,0.01747475846288628
2080,0.18807191418118444,0.7440154016674407,0.0351386147576755,0.0327740693936994
2081,0.03964453785255757,0.2401711481608077,0.0022123823873198313,0.7179719315993148
2082,0.17119333399695458,0.02032740874837166,0.029550785689132567,0.7789284715655411
2083,0.5351278633014634,0.33290354462632565,0.005844868907680395,0.12612372316453033
2084,0.4476216329086752,0.5028763569981776,0.02732881757570947,0.02217319251743801
2085,0.0580609234849245,0.773842828392268,0.06040711011189996,0.10768913801090743
2086,0.0009584088303704911,0.021393927855457365,0.0034097178391036594,0.9742379454750686
2087,0.006476946487220853,0.9827609671987912,0.000591931706546305,0.010170154607441558
2088,0.8010757832738141,0.07240625708588228,0.014608739846515792,0.11190921979378783
2089,0.02345323564536827,0.8818268596533977,0.0019510482184029176,0.09276885648283116
2090,0.13627156637231652,0.4616530156360565,0.011849113986093842,0.39022630400553304
2091,0.036837904623950625,0.024587573879610213,0.00010265781181447495,0.9384718636846249
2092,0.16396321063363678,0.07275504549157737,0.010573267761220218,0.7527084761135657
2093,0.002156031434682584,0.0246221364745615,0.00018136102481823674,0.9730404710659377
2094,0.002000582939410716,0.9911362446017549,0.0011881816098184813,0.005674990849015771
2095,0.013318449388987465,0.00028474383859552506,0.00029660238349494276,0.9861002043889219
2096,0.8396567055495896,0.020595863984890137,0.04134963401395405,0.09839779645156595
2097,0.1311011716914062,0.024020346312805103,0.08068978357507857,0.7641886984207099
2098,0.039725721767367904,0.9585032587395886,0.0003421205185140211,0.0014288989745296712
2099,0.19138014683380117,0.5801013052052058,0.046041473363156636,0.18247707459783638
2100,0.030801599228742448,0.9560687809158877,0.005164306312581359,0.007965313542788467
2101,0.7005508198987657,0.20189188270165484,0.021737743613813334,0.07581955378576606
2102,0.6907916504820504,0.22120783137841313,0.017681568237038793,0.07031894990249751
2103,0.04467172049666449,0.09722085112562345,0.013690479961346647,0.8444169484163654
2104,0.8719668905882556,0.06563987517504644,0.02923079680019016,0.033162437436507625
2105,0.17318047346504603,0.10674350182475742,0.017319764080300448,0.7027562606298959
2106,0.1674196001539262,0.021952507874523446,0.00036246976057769986,0.8102654222109729
2107,0.002777210875828616,0.029031555316173106,0.0001668283893400203,0.9680244054186584
2108,0.0012346450208540762,0.010102081902948982,2.2031021035876667e-05,0.9886412420551612
2109,0.20427376095015415,0.18081499323786315,0.0035680064291544375,0.6113432393828282
2110,0.02407504165720147,0.27129899722182266,0.0004252401568172508,0.7042007209641588
2111,0.9674459689133386,0.008389457990038464,0.018783314141887487,0.005381258954735493
2112,0.5953607620073872,0.13510831011666022,0.003970576591338862,0.2655603512846132
2113,0.059293246348203967,0.8825579273558795,0.035403229268257806,0.022745597027658607
2114,0.1688129419015586,0.036603880470183967,0.12012010276334453,0.674463074864913
2115,0.04275809804818329,0.630434072184478,0.002973624137984911,0.32383420562935367
2116,0.34769201246174003,0.09876895155615775,0.010936311842296511,0.5426027241398056
2117,0.7733440894962866,0.1459643976125004,0.019495835594577765,0.06119567729663508
2118,0.004632139418788507,0.010420356995899435,0.0007645639134001252,0.984182939671912
2119,0.5945749899288969,0.1878660960549136,0.03201757842421147,0.18554133559197789
2120,0.013418710646848913,0.004684531989240514,0.0028744132158947107,0.979022344148016
2121,0.028843904563961797,0.03445934066920039,0.0001572149623459479,0.936539539804492
2122,0.027434794464648866,0.9710524964982429,0.0008025822147442323,0.0007101268223638765
2123,0.00187841688534015,0.01182618153776226,3.024174053615487e-05,0.9862651598363614
2124,0.03535350781784501,0.22120110159961043,0.004082263670244959,0.7393631269122999
2125,0.018364903861267382,0.286678908913749,0.0002208646434712068,0.6947353225815123
2126,0.36328770191339876,0.026765282207260044,0.024923188190717375,0.5850238276886238
2127,0.02464213499387442,0.020495983181571104,0.00022133172865151528,0.9546405500959031
2128,0.002666374275912797,0.4324866323326706,0.000350071684521325,0.5644969217068949
2129,0.014640275930869747,0.055746416628324275,0.003487286070100439,0.9261260213707054
2130,0.06489960537394152,0.018305304948784424,0.3700095565098747,0.5467855331673992
2131,0.22825898510196063,0.686677842860074,0.019073780605173576,0.0659893914327917
2132,0.012782676879374654,0.982865041229629,0.0023390815205848563,0.00201320037041137
2133,0.0011617676840938531,0.002414148322560785,6.511109494720392e-06,0.9964175728838506
2134,0.014830902680866514,0.023057517667669253,0.0004382330790512557,0.9616733465724128
2135,0.0018708377917832106,0.007513318558042582,0.0008862127431566358,0.9897296309070175
2136,0.0719545990932539,0.002744736598472231,3.4645014183489376e-05,0.9252660192940906
2137,0.7248175727304679,0.04259754615607998,0.16855741796239643,0.06402746315105556
2138,0.004431331038092703,0.0014434129344670923,4.4448471422377425e-05,0.9940808075560179
2139,0.13919393081524464,0.16571295161579586,0.08738133137851656,0.6077117861904429
2140,0.0037808411896451243,0.006499220300543028,0.00014488973933946973,0.9895750487704724
2141,0.7033275059910565,0.08127562346768875,0.006803014398002118,0.20859385614325246
2142,0.48717323339917595,0.050761841750880235,0.0019885810638398315,0.46007634378610396
2143,0.7407027354900557,0.1293521115188206,0.011435775855527146,0.1185093771355967
2144,0.02143322299857986,0.7332447415066013,0.0017839255716103066,0.2435381099232084
2145,0.5235752632119123,0.3455033340599217,0.10456111943548747,0.02636028329267867
2146,0.0028698074861603523,0.009145837863311846,0.0005649681285587479,0.987419386521969
2147,0.004230852940593532,0.007007197115575569,3.0282817539934455e-05,0.9887316671262909
2148,0.032157862669890264,0.014127470325612313,0.0002616709203102498,0.9534529960841872
2149,0.5447583117707148,0.1015748802184695,0.18879651172485978,0.16487029628595584
2150,0.09622695463190818,0.0018841900894994007,0.0001064743198834559,0.901782380958709
2151,0.010366473183506258,0.05650521713584151,0.00036614758021399804,0.9327621621004383
2152,0.00465916031622409,0.01378890944116678,9.61310993639247e-05,0.9814557991432453
2153,0.08234659107605646,0.7053903843834025,0.10109874141673586,0.11116428312380511
2154,0.15254883253672916,0.7528393041620651,0.0009785484219888266,0.09363331487921704
2155,0.09186224350660901,0.12405058803880087,0.003189869295620681,0.7808972991589693
2156,0.24854212655502964,0.5994362444955031,0.04375906775404202,0.10826256119542535
2157,0.007915459785658736,0.014416249196119977,0.00018739445134018188,0.977480896566881
2158,0.01623135670137346,0.002033598986485017,0.0001340170917296791,0.9816010272204118
2159,0.013448190085728935,0.692327836550527,0.0002373875535392963,0.29398658581020465
2160,0.0015484707470427583,0.23190944789325552,0.0005586293257915141,0.7659834520339103
2161,0.09642023219437025,0.6688753445381678,0.07272209453646995,0.16198232873099208
2162,0.002287326300389642,0.007235022287847948,5.272617785147646e-05,0.9904249252339109
2163,0.11523450335475621,0.48048903571639195,0.009933696055430695,0.3943427648734213
2164,0.0014131427005375377,0.8285756353856877,0.00012135904821713889,0.16988986286555763
2165,0.05841925412083996,0.26878715746667675,0.01474122513309175,0.6580523632793916
2166,0.45250953096104785,0.06862413837819002,0.2737047528494388,0.20516157781132335
2167,0.0673277739489388,0.21707169933680867,0.013735312700817683,0.701865214013435
2168,0.43840053251867245,0.0014810723811112532,0.0012824296492252479,0.5588359654509911
2169,0.8957979922939512,0.021785543548767036,0.04437015968013067,0.038046304477150995
2170,0.5787918059867682,0.34163427267635826,0.007366319504166378,0.07220760183270707
2171,0.6256439337807554,0.2360565399599368,0.010925137414963093,0.12737438884434477
2172,0.6374014082117259,0.2666223342516073,0.016237369951783986,0.07973888758488301
2173,0.2913969872603574,0.23928782890462058,0.0017122467689897572,0.4676029370660319
2175,0.6401961498103085,0.14155034666956315,0.02810496905087858,0.1901485344692497
2176,0.06654048917548305,0.024629248588946002,0.04262156233517348,0.8662086999003975
2177,0.06441977196920184,0.00482546531618773,0.00020868966200576143,0.9305460730526047
2178,0.6141691453044227,0.2388116788781095,0.008928237259567345,0.13809093855790058
2179,0.6254062860095518,0.278832212400296,0.01509743209615483,0.08066406949399754
2180,0.21364627728710034,0.0024211593984636804,0.00013630498434475733,0.7837962583300915
2181,0.4879716897569359,0.37266861985495964,0.01319831672357779,0.12616137366452648
2183,0.3218786450469504,0.332093132878914,0.11195633025106486,0.23407189182307064
2184,0.3919894037277301,0.08479992950803178,0.057378599225316206,0.4658320675389219
2185,0.15450580334125313,0.7604195774055031,0.0013988500098822366,0.0836757692433612
2186,0.004520875857533259,0.0001788124195202124,0.0008332167662114119,0.9944670949567351
2187,0.5180793337395712,0.40008217160464143,0.015348534214632715,0.06648996044115449
2188,0.0031263172516697024,0.9820646035948721,0.0024470249561337515,0.012362054197324501
2189,0.46598934293856975,0.19203797848141857,0.008296187975300028,0.33367649060471144
2190,0.11392917463395495,0.4479561723168997,0.002562970813956752,0.4355516822351885
2191,0.04276514268129649,0.00038657964057264626,6.94613512760981e-05,0.9567788163268547
2192,0.0030390564364623047,0.007728131754406136,0.00036153050739092923,0.9888712813017406
2193,0.007402647045744225,0.9347254259276071,0.008614384106163718,0.049257542920484926
2194,0.0029606425935480214,0.993114801919031,1.2020407246965272e-05,0.00391253508017395
2195,0.002220835347395616,0.4893468641997576,5.4460703520937284e-05,0.508377839749326
2196,0.034602545065211675,0.06000354851088958,0.00026780113626382246,0.9051261052876348
2197,0.007992972999641006,0.0007258290465691551,1.771632806881986e-05,0.9912634816257211
2198,4.189007772801379e-06,0.9982261071070269,2.799837835479523e-06,0.0017669040473648953
2199,0.05280028622735617,0.08829055849240813,0.0014040453474203217,0.8575051099328155
2200,0.3768832006167339,0.4569357436607629,0.020875375378491483,0.14530568034401156
2201,0.03366200235948506,0.7838979496623617,0.008480068711344472,0.17395997926680867
2202,0.001080178231592882,0.8375236952660334,5.356194860298671e-05,0.16134256455377094
2203,0.00028723320432452347,0.013853534030789424,2.4520516939628076e-05,0.9858347122479464
2204,0.43194856392264586,0.10277482212810118,0.06003591219213934,0.40524070175711374
2205,0.0010174495598286512,0.09548817819905417,2.6000484604179615e-05,0.9034683717565128
2206,0.03601162595639907,0.007166473182655914,7.296490772408406e-05,0.9567489359532209
2207,0.5571104594743648,0.30424438567445955,0.13354016170185498,0.005104993149320553
2208,1.233780845180581e-06,6.890912669999673e-07,4.124739457029028e-07,0.9999976646539422
2209,0.11303801236728597,0.05695631377217005,0.09944310402495707,0.7305625698355872
2210,0.029420835235739084,0.033777149384333335,0.0021884769223949004,0.9346135384575325
2211,0.01838633434260881,0.8990309852666529,0.003275340973764552,0.07930733941697361
2212,0.03782715039274098,0.1960625090209773,0.00019300260698163746,0.7659173379793
2213,0.03260614878892989,0.004224478974147171,0.0004237610015048692,0.962745611235418
2214,0.39851687755206106,0.17921749040056617,0.0030351098695343627,0.41923052217783824
2215,0.6552730057202287,0.1856840324916799,0.008361726746778276,0.1506812350413131
2216,0.6683624606915084,0.24536479547217085,0.016121002019253542,0.07015174181706707
2217,0.035461428997866785,0.15909003177989217,0.0009935907564990027,0.8044549484657417
2218,0.4777127376853316,0.07473387136301006,0.06232523238114962,0.38522815857050857
2219,0.8442963912142141,0.06216923727417926,0.05692648198566222,0.036607889525944466
2220,0.3498974222168267,0.05459166545640876,0.00047850760002841316,0.5950324047267364
2221,0.7106662623891631,0.11957089376374443,0.013931083463419598,0.15583176038367322
2222,0.00071628861064477,0.9267518238051076,3.283177365578991e-05,0.07249905581059198
2223,0.9332283280769554,0.010628503036230695,0.050004174659089434,0.006138994227724301
2224,0.2894516804173908,0.6787676350315188,0.021522874081169863,0.010257810469920808
2225,0.007270066783553134,0.029250834194189904,0.0008875080522870258,0.9625915909699699
2226,0.38521858301043815,0.004167242075886063,0.001176731450276114,0.6094374434633995
2227,0.2450519774122391,0.6273108110659245,0.05871323166300487,0.06892397985883132
2228,0.2729585782124657,0.022129848013327687,0.11123184181407839,0.5936797319601278
2229,0.005976139077985449,0.0051355387073661754,0.00036294701262262454,0.9885253752020255
2230,0.16296773474837503,0.7736012803294151,0.027467262990096983,0.03596372193211278
2231,0.0031524523657804025,0.5328137865336345,0.0008234614575023016,0.4632102996430828
2232,0.015429409040876295,0.9742252978857538,0.005288910633541841,0.005056382439827992
2233,0.01214887244312311,0.0008661874704370007,8.937261990869061e-05,0.9868955674665312
2234,0.12399657210517025,0.035827074720997804,0.035243475931014664,0.804932877242817
2235,0.7940823625181043,0.016888768128070733,0.022503037644234825,0.16652583170958996
2236,0.17319772753493107,0.2578120039174309,0.025093460877693076,0.543896807669945
2237,0.837983830629257,0.04025097092029067,0.04375232015251102,0.07801287829794128
2238,0.23735033705147662,0.6996987414667539,0.02312974884847367,0.039821172633295286
2239,0.013808501503087312,0.0012613153788050683,9.707128870502393e-06,0.984920475989237
2240,0.005185981955300989,0.9364673830206792,0.0002206987128526951,0.05812593631116689
2241,0.6751113823989466,0.22019968508561177,0.016449646516449146,0.08823928599899251
2243,0.14816934369609197,0.7151535913457492,0.0006407166025180234,0.136036348355641
2244,0.07080325068047298,0.8366502331678626,0.00024121192389276065,0.09230530422777176
2245,0.0035019802811746214,8.564356214412085e-05,0.0004459857726154378,0.9959663903840658
2246,0.07682472444199831,0.8102667592535013,0.05801622022417318,0.054892296080327266
2247,0.0026629049881613793,0.19969504253641365,0.00010714418857960681,0.7975349082868454
2248,0.005510872470782148,0.9583922272068794,0.0054483636667925625,0.03064853665554576
2249,0.010011118451014402,0.14703502820073697,0.0367804922468155,0.806173361101433
2250,0.21410892511069962,0.14137043040675218,0.006554404618179733,0.6379662398643684
2251,0.44300902222341193,0.14716606177571173,0.09527116890415631,0.3145537470967202
2252,0.4131586125795098,0.2618933725321704,0.02392099061855477,0.3010270242697652
2253,0.14684048470316807,0.2499630983260774,0.00010125678305581617,0.6030951601876989
2254,0.004391234567401318,0.42900281483254726,6.48088606323792e-05,0.5665411417394193
2255,0.02741987571062735,0.1252962081628068,0.03213095555937521,0.8151529605671904
2256,0.24516536365579583,0.7359201828704618,0.008008176598467833,0.010906276875274751
2257,0.1330216799848139,0.032094819460755805,0.0010343111899710118,0.8338491893644592
2258,0.21664255331030063,0.28650624484702997,0.035388418265206306,0.4614627835774635
2259,0.03196140954236515,0.9498762896303443,0.007167303460053497,0.010994997367236801
2260,0.041687371862442514,0.14535094272082308,0.0007222189204186056,0.8122394664963154
2261,0.26948303645017474,0.641688171888538,0.0045889978462042265,0.08423979381508324
2262,0.289470818209578,0.6046132062982913,0.03718558625643386,0.06873038923569717
2263,0.011008213470121203,0.014155459066933086,0.0005253980578018151,0.9743109294051441
2264,0.23555559826360675,0.5916618550998511,0.002376329690154154,0.17040621694638763
2265,0.029988629711217196,0.8982201311361172,0.0014266767023335056,0.07036456245033214
2266,0.5778318914093667,0.20352535942771718,0.004522703488763685,0.21412004567415235
2267,0.6084959139348157,0.10625762818550265,0.10804747843034332,0.17719897944933843
2268,0.8123607530462003,0.017903994459447743,0.02999418167812951,0.13974107081622253
2269,0.003188094289043777,0.9956581463049476,0.0008848631259657812,0.0002688962800427051
2270,0.008684031361561383,0.08314176682321493,0.011627259619914043,0.8965469421953098
2271,0.033664646788192275,0.01601697189612498,0.0153048180812797,0.935013563234403
2272,0.6956766082153937,0.04979253967837118,0.007696923286069178,0.24683392882016603
2273,0.036839754318621985,0.3482579669384453,0.025884422155773558,0.5890178565871589
2274,0.004544701185199496,0.11549728068032909,5.173070996258712e-05,0.8799062874245088
2275,0.8769014894663217,0.019873229139777276,0.03856948190627158,0.06465579948762958
2276,0.00463358397848342,0.0064117169120835316,0.000671765318753758,0.9882829337906796
2277,0.4382662914973545,0.2757156742217694,0.002450748020501303,0.28356728626037464
2278,0.0741735017200616,0.0012046390964317486,0.00011809193762207572,0.9245037672458845
2279,0.41579460481507047,0.24912434740037248,0.10770380879531692,0.22737723898923992
2280,0.8104621376164525,0.03230840254496414,0.03751632541123597,0.11971313442734759
2281,0.10175089742912534,0.0015873102671704997,0.00011246474081854506,0.8965493275628855
2282,0.10598023873559924,0.23732104348130986,0.01984847806719787,0.636850239715893
2283,0.5601027543321844,0.3555026102905297,0.014961410748312223,0.06943322462897354
2284,0.17358333206561338,0.658693601889951,0.046257946324552296,0.12146511971988344
2285,0.16765625930988678,0.8004129642843674,0.014760338282481454,0.017170438123264412
2286,0.22606231314083308,0.006712026988432181,0.0492930555753529,0.7179326042953817
2287,0.0568124788932063,0.007009530581317363,0.011500154441108511,0.9246778360843679
2288,0.008826484766452314,0.7253398685351713,0.0018389658022449336,0.2639946808961315
2289,0.4975264996357099,0.12812532487461006,0.0024323319427501243,0.37191584354692997
2290,0.809863049478701,0.044967154972748606,0.13881482050971872,0.0063549750388313805
2291,0.5755784041747748,0.12284163773208133,0.05010657650777626,0.25147338158536786
2292,0.0007221801642956155,0.004558348827920233,2.0457813068117327e-05,0.9946990131947163
2293,0.852988557539667,0.004231427821422531,0.11881921086296227,0.02396080377594855
2294,0.08217211701355773,0.8030261606660797,0.03080011774937016,0.08400160457099241
2295,0.6955428813130821,0.22970968138413705,0.018896687390875386,0.055850749911905334
2296,0.6272067924413959,0.3423311701819288,0.0045236373684617685,0.025938400008213375
2297,0.0040465837980489805,0.014893025288278256,0.0022358024262592977,0.9788245884874138
2298,0.0359101386907882,0.2432514121783807,0.0005157139609781831,0.7203227351698529
2299,0.7960411880561183,0.1871280570481837,0.008123005519015592,0.008707749376682531
2300,0.4668487675295007,0.05051359368555804,0.003375365357697758,0.4792622734272437
2301,0.21971674269647307,0.372425642175768,0.005528090446890329,0.40232952468086863
2302,0.1850894737699031,0.7750831175814431,0.018355329193875194,0.021472079454778647
2303,0.0072570595983095405,0.037923317613513766,0.00015170632914974776,0.9546679164590266
2304,0.07083386624645233,0.017489410650218515,0.032338059564793235,0.879338663538536
2305,0.7790634120107507,0.015134874094826946,0.16824745691566356,0.03755425697875868
2307,0.013174763027815992,0.0008204598473905276,1.776847524908153e-05,0.9859870086495445
2308,0.05071440108709796,0.00024040771793167,1.756408998677368e-05,0.9490276271049836
2309,0.018411129480475845,0.13194414113017913,0.007252643123096689,0.8423920862662485
2310,0.3966202536818019,0.5133389239058314,0.028748480169255297,0.061292342243111725
2311,0.5770594883326029,0.1510106235633367,0.030903971388481093,0.24102591671557946
2312,0.010228613608853777,0.003803274642917784,1.2134803200636744e-05,0.9859559769450278
2313,0.0029338581235753072,0.001717057920900341,7.474485291736343e-05,0.9952743391026072
2314,0.5379294147370803,0.192909084953824,0.00404686195491482,0.26511463835418086
2315,0.003917502117617161,0.0583834989778318,8.308445158035238e-06,0.9376906904593929
2316,0.5335464996530137,0.21690044101209244,0.0036064936799321554,0.2459465656549619
2317,0.03947331218779461,0.8807080064281069,0.006292382429466684,0.07352629895463189
2318,0.03211559891461806,0.07965799614833306,0.00017423636763136389,0.8880521685694176
2319,0.23809794024980097,0.3069117931065874,0.047602104428492865,0.40738816221511914
2320,0.45166032290022146,0.4909973644834971,0.013393435750847294,0.043948876865434174
2321,0.0010045512708227876,0.011556032058930892,2.2385919170446387e-05,0.9874170307510758
2322,0.02833941656054896,0.6420232481347798,0.0016584171881351348,0.3279789181165359
2323,0.05007921203410697,0.12687716238915456,0.004684556224657308,0.818359069352081
2324,0.0010845536918358647,0.0018238228036539983,3.3327051281714594e-05,0.9970582964532283
2325,0.0062245688820268385,0.8810224778752386,0.00018142051535523901,0.1125715327273795
2326,0.439117110357779,0.0634585506320068,0.07881698778338372,0.4186073512268304
2327,0.009854493960268215,0.9337918645866485,0.017880859129121778,0.038472782323961396
2328,0.003130999599948004,0.0179000729339709,0.002156715086062268,0.9768122123800189
2329,0.6350360145973627,0.26894619047974827,0.016248636645969098,0.0797691582769198
2330,9.623030340091012e-07,1.207115619367594e-06,4.249371309128311e-07,0.9999974056442158
2331,1.6607690474559565e-06,1.9959753344558423e-06,6.823100488065005e-07,0.9999956609455692
2332,0.15051460365853542,0.6355628957505489,0.008667736115501295,0.2052547644754142
2333,0.014275585950025779,0.0013180067418882878,1.210666236036552e-05,0.9843943006457254
2334,0.5233856666304215,0.4215497121994954,0.016735241294084255,0.038329379875998645
2335,0.019996221819287122,0.019025782166009645,0.00039024947525365133,0.9605877465394497
2336,0.002645440582572319,0.008452597977978463,0.0020130169098541554,0.9868889445295952
2337,0.747959009141206,0.049605922775290405,0.05609255923097743,0.14634250885252606
2338,0.06593362262759687,0.8219961484355423,0.035717265175420836,0.07635296376144013
2339,0.04897899649449634,0.012863208185921269,7.980314015754297e-05,0.9380779921794249
2340,1.994090121629034e-06,1.5845778077343732e-06,6.848961040108413e-07,0.9999957364359666
2341,0.13531778662565497,0.5422935759534981,0.06128600227893069,0.2611026351419162
2342,0.798146861983445,0.029093250137682374,0.035664663422851434,0.1370952244560211
2343,0.029790149356039436,0.23282698829296458,0.03211713614736303,0.705265726203633
2344,0.5928718098069627,0.20193897334041158,0.04013566721995881,0.16505354963266688
2345,0.03481757922421137,0.9232088757278556,0.014100156123423076,0.027873388924510443
2346,0.29269320083667044,0.3675632473305455,0.058237797224896005,0.281505754607888
2347,0.04526484121035666,0.14254809557571213,0.07075761687084492,0.7414294463430864
2348,0.05450875202365195,0.14160133214468568,0.002038855147181228,0.8018510606844812
2349,0.1882315532109327,0.745434974911793,0.0004486772126494303,0.06588479466462499
2350,0.8615125098719716,0.07196874531345952,0.014908394073946105,0.05161035074062295
2351,0.01614231401212507,0.058329898149569986,0.0029212881586471316,0.9226064996796576
2352,0.09809273267791085,0.0026487455701173597,8.851163635735308e-05,0.8991700101156145
2353,0.0010617737281698768,0.0008486348854123305,1.6915802396776698e-05,0.9980726755840212
2354,0.2955761001247015,0.3943492911157074,0.02679741459515847,0.28327719416443264
2355,0.07290579149104397,0.9086579343158467,0.008009281318577116,0.010426992874532161
2356,0.018561474172475396,0.029701328932560663,0.00228722787178336,0.9494499690231807
2357,0.3557854440982408,0.570572978040306,0.03388738429991019,0.03975419356154313
2358,0.10262849637152766,0.7083941391178601,0.027535489043673277,0.16144187546693922
2359,0.08264790199922502,0.8938603285248435,0.013167202657935799,0.010324566817995628
2360,0.40833043559816223,0.4518437472377321,0.029903059175538194,0.10992275798856728
2361,0.015724868190435677,0.9402544513419133,0.0018514197050226006,0.04216926076262841
2362,0.380286531787211,0.07854878047555747,0.09301375911881667,0.448150928618415
2363,0.3992537159861438,0.5055106223781726,0.03156465912454339,0.06367100251114023
2364,0.0026667035677684346,0.012291433562939132,2.297350557134051e-05,0.9850188893637211
2365,0.23006148843471874,0.742566277340212,0.019355890334792323,0.008016343890276889
2366,0.010733599156114713,0.013798733338194915,0.00031657477595221255,0.9751510927297379
2367,0.008463060165066719,0.01481366727339949,0.0023002801933210025,0.9744229923682128
2368,9.173613483624574e-07,1.484521748085657e-06,5.435301295635611e-07,0.9999970545867739
2369,0.522134680604423,0.04505583746449307,0.0013442102645585562,0.4314652716665255
2370,0.00267429299283207,0.3878925022511015,0.0001481664753454139,0.6092850382807212
2371,0.05267224936792382,0.26982165450035794,0.01331064491136609,0.6641954512203521
2372,0.10256330922331137,0.06428798466965374,0.057915862309914946,0.7752328437971199
2373,0.02546814658415136,0.8845449107793494,0.02187007049575783,0.06811687214074161
2374,0.5777298312023994,0.3869863759092661,0.0031550331915432468,0.032128759696791145
2375,0.01608244106120172,0.4530378214084327,0.00012934911073833136,0.5307503884196274
2376,0.09227917461320566,0.015612382578910346,6.267121760816898e-05,0.8920457715902759
2377,0.1062586383889222,0.2264257088825393,0.009899465761694431,0.6574161869668439
2378,0.04515668358898387,0.7782788584744537,0.03086115499135649,0.14570330294520634
2379,0.10640964928918906,0.016431326929607977,0.014494001021995958,0.8626650227592071
2380,0.1265707372624872,0.15822213129911192,0.05982406504780982,0.6553830663905909
2381,0.16289433070627657,0.1237603451427584,0.09709598649681776,0.6162493376541469
2382,0.11938896656569828,0.8537526965692734,0.01889427149423416,0.007964065370793987
2383,0.6052280481192073,0.0167747245631644,0.030549341260600247,0.34744788605702803
2384,0.0028654510376192595,0.026320877942616575,0.00013193889467956756,0.9706817321250847
2385,0.06730059300025204,0.8870593097968452,0.04043896845630805,0.005201128746594883
2386,0.002208375251355702,0.000321906036870733,0.000748067837054896,0.9967216508747183
2387,0.5721764425435042,0.05729449954275039,0.035002500815487655,0.33552655709825774
2388,0.011853999652596285,0.17385640142127903,0.00014791535815752643,0.8141416835679676
2389,0.316440702364013,0.649455094262244,0.009055706444614543,0.025048496929128368
2390,0.032431754312623975,0.010289656454878128,0.015809504078885532,0.9414690851536123
2391,0.47727836632885845,0.11143820133391817,0.007229335396243103,0.40405409694098043
2392,0.2874664442380575,0.6604118648710776,0.001837535938143062,0.05028415495272213
2393,0.04626552152830302,0.26602716922765396,0.003627808986262111,0.684079500257781
2394,0.13979788261472723,0.8319209281592559,0.019827934306057334,0.008453254919959484
2395,0.6440951197844792,0.26314118877102116,0.01627597275891073,0.07648771868558879
2396,0.07385615482154877,0.4804046409341994,0.013463876212871682,0.4322753280313803
2397,0.3822729032478826,0.04641414449003845,0.0007416174916560088,0.570571334770423
2398,0.6332173694307919,0.05905832278882129,0.02260287272997126,0.2851214350504158
2399,0.28036355198047613,0.07086713742384067,0.11525595799127529,0.5335133526044082
2400,0.00041257989363573935,0.0012916614097725574,5.744513990203433e-05,0.9982383135566897
2401,0.0009680293209235767,0.8195934319127373,9.504291985222469e-05,0.17934349584648673
2402,0.007424805021040972,0.007054803837269685,0.0014524869773186947,0.9840679041643706
2403,0.0035758039721096456,0.03867449491742173,0.00020363186537952603,0.9575460692450893
2404,0.0006561037211532986,0.0018393339585238966,4.713920156614468e-06,0.9974998484001663
2405,0.01792134528520179,0.007688921850741166,1.5957649416139337e-05,0.974373775214641
2406,0.06080066423912292,0.002219719548279504,0.00027878232617264915,0.9367008338864249
2407,0.1083384672025783,0.42499131093598197,0.004502677530157342,0.4621675443312825
2408,0.22191118420275974,0.02148813763328201,0.015397385741300385,0.7412032924226577
2409,0.0007302763195741162,0.009458070188634808,3.0768965475020923e-06,0.9898085765952436
2410,0.6354394164848541,0.2696507521081794,0.016216266695399644,0.07869356471156669
2411,0.48695692616593655,0.13448543716255745,0.0020084843994177537,0.3765491522720882
2412,0.3043105516549601,0.5333271454817925,0.06183641070481658,0.10052589215843107
2413,0.38252184810618317,0.1158647024186101,0.06350627112450424,0.43810717835070256
2414,0.3339493863821998,0.06842497430237558,0.19134615632425167,0.4062794829911728
2415,0.04215446094260069,0.8812563231017871,0.012472815588937421,0.06411640036667432
2416,0.8193779882427812,0.15231797710362766,0.01397421295460157,0.014329821698989855
2417,0.021548733719902523,0.4057068536117464,0.012519056708896508,0.5602253559594548
2418,0.5633401822435412,0.33349882510944695,0.011509516796909284,0.09165147585010285
2419,0.08258502450815318,0.0668354178770651,0.0004808733084699076,0.8500986843063121
2420,0.47111128153179777,0.2426969079407839,0.058082944294887806,0.22810886623253082
2421,0.0006449666950690497,0.963891532164095,0.0004332494500818637,0.0350302516907543
2422,0.0038328268213128664,0.018950821329316858,0.0013481004490080181,0.9758682514003624
2423,0.7930654524959811,0.1380631959976807,0.020131607250070183,0.048739744256268036
2424,0.1616467717744299,0.6315825774269536,0.00036589592783015817,0.2064047548707863
2425,0.4797353683320436,0.12255096218941218,0.053683961256539986,0.34402970822200396
2426,0.08886764782821974,0.019024853268140456,0.007083837215578403,0.8850236616880611
2427,0.05192840453787132,0.011078575770760674,0.0915865639634756,0.8454064557278924
2429,0.3705940565497289,0.5933137986284466,0.016724499653893683,0.019367645167930655
2430,0.13699752516666952,0.040505331885307624,0.01241618835516405,0.810080954592859
2431,0.7693140380410075,0.19038719864732545,0.006885639326719486,0.03341312398494743
2432,0.11550371168732469,0.05771712117510234,0.0011226217774343886,0.8256565453601385
2433,0.0014752116089632732,0.005121955486347642,3.026417575599663e-06,0.9933998064871137
2434,0.015040784145723438,0.42677447167689714,0.00017388800004332746,0.5580108561773364
2435,0.01051089052354788,0.003908129826059156,0.00010397172312835462,0.9854770079272646
2436,0.006361029903903504,0.00048691876192854123,0.0002936424659005944,0.9928584088682673
2437,0.02010308450329378,0.4448539192656871,0.00034701592641751675,0.5346959803046016
