unique_id,play years_0,play years_1,play years_2
1968,0.09026986289591346,0.4308550637090305,0.47887507339505614
1969,0.051834821934850395,0.906207299720273,0.04195787834487658
1970,0.8064931770728004,0.18843288755853765,0.005073935368661889
1971,0.07923631069018719,0.8585993630096922,0.0621643263001205
1972,0.3956820133470321,0.5839493084652869,0.02036867818768098
1973,0.592060626879722,0.28783773773349713,0.12010163538678072
1974,0.3837452324700991,0.5863270928699983,0.029927674659902603
1975,0.4176807447711231,0.01751109210301326,0.5648081631258636
1976,0.3859289100190137,0.4118386316591758,0.20223245832181047
1977,0.6552976481511658,0.33914054690586487,0.0055618049429695905
1978,0.5132682401947262,0.44614104641806873,0.04059071338720501
1979,0.052720126944927885,0.6079997372319647,0.3392801358231074
1980,0.05417432793176566,0.10754339522014664,0.8382822768480879
1981,0.0035321557264950407,0.9127209588328934,0.08374688544061169
1982,0.7265876450977768,0.25151973820731827,0.02189261669490498
1983,0.026493556488676427,0.9395482998251324,0.03395814368619124
1984,0.15293552233971325,0.4151236553259299,0.4319408223343568
1985,0.01565322782387342,0.6187383985785507,0.3656083735975761
1986,0.010031982823649742,0.9562936601126077,0.0336743570637428
1987,0.4187028620391536,0.47421731258316574,0.10707982537768067
1988,0.13434079424671078,0.3201337813915173,0.5455254243617716
1989,0.001613455625983272,0.9243626171924788,0.07402392718153807
1990,0.006964260033107493,0.9783899983672343,0.014645741599658311
1991,0.5576159534518272,0.07077636762769156,0.3716076789204812
1992,0.02554025785959611,0.8778354964815822,0.09662424565882172
1993,0.014681591102809132,0.9322688042856847,0.05304960461150634
1994,0.14595645822652126,0.8112532247669162,0.04279031700656251
1995,0.0014316369791435445,0.8931421165924137,0.10542624642844287
1996,0.025582464483838215,0.956579060700602,0.017838474815559814
1997,0.014916645316101316,0.971121884476915,0.013961470206983722
1998,0.026016474045046808,0.7116319639396452,0.262351562015308
1999,0.9758847310611184,0.022805359174031033,0.0013099097648506177
2000,0.2541592189122568,0.6703165170390882,0.07552426404865502
2001,0.0016813321730150858,0.9371021784765453,0.06121648935043945
2002,0.31764388581445235,0.20039096488404484,0.48196514930150286
2003,0.003825240534395984,0.9440506401248796,0.0521241193407244
2004,0.053493101768432555,0.24802906340506817,0.6984778348264992
2005,0.006074806369215362,0.02330974185120658,0.970615451779578
2006,0.00685466809304296,0.9450571174875301,0.048088214419426754
2007,0.09620165095260956,0.5401293562255179,0.36366899282187226
2008,0.039862988007455746,0.7871922868031628,0.17294472518938167
2009,0.022295453817795793,0.9422464494337118,0.03545809674849238
2010,0.005278315956387762,0.8467487671892202,0.1479729168543919
2011,0.011601604191059267,0.9431508649700275,0.04524753083891334
2012,0.05473261732372204,0.5036366946006141,0.4416306880756637
2013,0.003976229888072265,0.9767717406777584,0.019252029434169312
2014,0.9249180670449426,0.06252739052086773,0.01255454243418993
2015,0.08270606805681677,0.6445654912898272,0.27272844065335633
2016,0.0016499829598445957,0.9858875621374183,0.012462454902736805
2017,0.016204340640579608,0.9226821664999192,0.0611134928595012
2018,0.16730631880475927,0.7995594332330378,0.03313424796220294
2019,0.8231162141520466,0.16301187879841594,0.013871907049537493
2020,0.06766127520595908,0.06714851831653536,0.8651902064775054
2021,0.019383521151830153,0.24889966277184475,0.7317168160763251
2022,0.0805887584778081,0.04376689697001532,0.8756443445521764
2023,0.44491186994248,0.4212852721146552,0.13380285794286487
2024,0.28667460427813907,0.6575109966940309,0.05581439902783006
2025,0.05460506023119277,0.29256070123072014,0.6528342385380872
2026,0.008543197722156637,0.9528930295343219,0.038563772743521386
2027,0.02854264080684321,0.17747509875781875,0.7939822604353378
2028,0.018509379536637845,0.7124205191515299,0.269070101311832
2029,0.09713872466096124,0.7514994780035271,0.15136179733551172
2030,0.0008467340154636611,0.9146692141530677,0.08448405183146877
2031,0.14576164019693388,0.4156976832922876,0.4385406765107785
2032,0.8784794379218925,0.11770756517437195,0.003812996903735615
2033,0.046305502547064586,0.2229932272854308,0.7307012701675049
2034,0.0038101100349207445,0.6396456063737197,0.35654428359135953
2035,0.053491542740491935,0.7675806861355203,0.1789277711239878
2036,0.003542186456294048,0.9835846789091863,0.012873134634519574
2037,0.26226900513831225,0.5540883589183039,0.18364263594338423
2038,0.022850349600902698,0.8095897121170973,0.1675599382819999
2039,0.04349683360159492,0.01383164730093666,0.9426715190974683
2040,0.0416448870219387,0.9303450531823362,0.028010059795724858
2041,0.003777864052356586,0.9764056836838685,0.019816452263774924
2042,0.24183976382115963,0.44420707984389507,0.3139531563349454
2043,0.5512212918295534,0.42773290106239537,0.021045807108051248
2044,0.6604246117029564,0.03848056382072744,0.30109482447631625
2045,0.0037954057634266877,0.8497279599551261,0.14647663428144736
2046,0.19607209985315074,0.6551500961784066,0.14877780396844278
2047,0.06547677327061788,0.8965508630411377,0.037972363688244616
2048,0.19906763845050396,0.6288954045875824,0.1720369569619135
2049,0.4107948104365862,0.4840342061210692,0.1051709834423446
2050,0.04400251525740034,0.9174004564035495,0.03859702833905053
2051,0.03305062650525253,0.4290841620976055,0.537865211397142
2052,0.6897444840064259,0.25988556027212895,0.05036995572144541
2053,0.9271053639302353,0.06647256456053084,0.006422071509233774
2054,0.38682243299656716,0.020670695793052245,0.5925068712103807
2055,0.8070135710318246,0.14700919161498566,0.045977237353189655
2056,0.14008900133512422,0.067468542988594,0.792442455676282
2057,0.004437800815590597,0.9792309097051937,0.016331289479215666
2058,0.008485845434210788,0.9322837815079529,0.059230373057836364
2059,0.015282925118327862,0.9759553057566009,0.008761769125071006
2060,0.06132768692966973,0.823378551685022,0.11529376138530814
2061,0.0083377892190724,0.9599157346644543,0.03174647611647343
2062,0.21278294610317705,0.46127160043870985,0.3259454534581128
2063,0.7171922027283184,0.17592894001686865,0.10687885725481293
2064,0.005693212569765823,0.9773369094598688,0.01696987797036548
2065,0.016595081313762663,0.9612925006903846,0.02211241799585271
2066,0.005428728855076866,0.029139724162629038,0.9654315469822942
2067,0.12083595782055767,0.6604956144778664,0.2186684277015758
2068,0.013642481313828635,0.9755998345413398,0.010757684144831527
2069,0.3922611036114013,0.4215226061013508,0.18621629028724807
2070,0.05619816534950128,0.41175666326722904,0.5320451713832696
2071,0.003352353367055399,0.9339311584750313,0.06271648815791307
2072,0.009060602493115627,0.9291608576862102,0.061778539820674376
2073,0.04720288237283455,0.8916982807044183,0.06109883692274724
2074,0.013783228704502985,0.9528612711476242,0.033355500147873
2075,0.7516108919804502,0.144884306050516,0.10350480196903383
2076,0.042467503313104504,0.1982275480546859,0.7593049486322099
2077,0.03744268409637844,0.9494257643228802,0.013131551580741611
2078,0.033290386416298993,0.3637288865129177,0.6029807270707831
2079,0.027953197562243407,0.10336146679993599,0.8686853356378202
2080,0.13486054704221986,0.3699201015268238,0.4952193514309563
2081,0.13848621348318646,0.5908067639315274,0.2707070225852863
2082,0.05076290476511805,0.37762770729627565,0.5716093879386064
2083,0.04703797085963846,0.8970984885891676,0.05586354055119373
2084,0.08182617122070882,0.055729961770873984,0.8624438670084171
2085,0.9505275774647428,0.039728579615977894,0.009743842919279391
2086,0.37014586827816076,0.5982071729536133,0.03164695876822565
2087,0.07496016787424285,0.28720796377255897,0.6378318683531983
2088,0.23064346346395415,0.41244235623359093,0.356914180302455
2089,0.12877514968550346,0.7546856660614707,0.11653918425302567
2090,0.07351661598856486,0.9077306600558641,0.018752723955570944
2091,0.004015490958961732,0.943904131773608,0.052080377267430256
2092,0.011556904587793897,0.9738789186672051,0.014564176745001031
2093,0.4015020448554492,0.5860193307600061,0.012478624384544779
2094,0.046892427786158423,0.9090933121207634,0.04401426009307833
2095,0.004417050921924125,0.9726383475801484,0.022944601497927326
2096,0.0537269103296506,0.37363452160021987,0.5726385680701295
2097,0.01557415446463173,0.6456677520146566,0.3387580935207116
2098,0.2505300027389047,0.6754360967610604,0.07403390050003504
2099,0.6333141336901653,0.07486677478066146,0.29181909152917324
2100,0.01244075993416095,0.9819498748878419,0.005609365177997065
2101,0.037905981675599484,0.613874478929995,0.3482195393944055
2102,0.04122893271651131,0.22910599038092724,0.7296650769025615
2103,0.46075777444357247,0.01025915213015429,0.5289830734262732
2104,0.04230726945639661,0.31109043921580276,0.6466022913278008
2105,0.15195696941073,0.7389838460344826,0.10905918455478737
2106,0.020127036069619773,0.9497204054601268,0.030152558470253377
2107,0.647230262629016,0.3461732968669175,0.0065964405040667504
2108,0.2682639901895151,0.723691570101659,0.00804443970882598
2109,0.06801226541280528,0.8699205019379641,0.06206723264923061
2110,0.8550748818590368,0.0711871088547981,0.07373800928616503
2111,0.16511249553865326,0.05365872777994538,0.7812287766814014
2112,0.10179940164345865,0.8935106853835202,0.00468991297302112
2113,0.058549545620795514,0.02535640390439613,0.9160940504748086
2114,0.1727923101079111,0.5320897106628089,0.29511797922927996
2115,0.05308126810076831,0.907340420488026,0.03957831141120552
2116,0.0970904249200035,0.8936860886795104,0.009223486400485918
2117,0.22922669674118873,0.4292314956527074,0.3415418076061037
2118,0.9340436177136036,0.058604742689905155,0.007351639596491339
2119,0.0023102271176520597,0.43484446846984565,0.562845304412502
2120,0.017426068630097533,0.6456211026820873,0.33695282868781545
2121,0.010260824980206432,0.9564146875814176,0.03332448743837587
2122,0.1624002605097642,0.3236671473898621,0.5139325921003736
2123,0.07946664988002776,0.8966815944568202,0.02385175566315202
2124,0.12800353497130565,0.8528556410459356,0.01914082398275913
2125,0.9317286948689794,0.0650738776368102,0.003197427494210199
2126,0.004000164990294042,0.984665461793505,0.011334373216200466
2127,0.01603300217580454,0.970243015404339,0.013723982419856583
2128,0.6680384782182892,0.32785448642946413,0.004107035352246784
2129,0.02805710125324359,0.9276399246132657,0.04430297413349065
2130,0.03790188256947503,0.7768528989663722,0.18524521846415293
2131,0.6397518681349237,0.23509960739396152,0.12514852447111469
2132,0.12900137494130628,0.70348660085726,0.16751202420143363
2133,0.05282235603727693,0.8982606308639698,0.04891701309875334
2134,0.5581510911351373,0.42374759320448435,0.018101315660378255
2135,0.12185148372788102,0.43903400214213556,0.43911451412998337
2136,0.0036493378344803124,0.970292163642521,0.026058498522998498
2137,0.05081382889505391,0.5155519310023902,0.43363424010255597
2138,0.0111877327568524,0.968315049769071,0.020497217474076842
2139,0.18013109605742778,0.757357230501281,0.0625116734412911
2140,0.5026439596314641,0.4724491467885579,0.024906893579977895
2141,0.23903415828601463,0.5715829213414884,0.189382920372497
2142,0.003947747766923832,0.987263472504983,0.008788779728093152
2143,0.0071606276304325015,0.04120499011204604,0.9516343822575212
2144,0.12011029078368347,0.8418721196251461,0.038017589591170235
2145,0.3498845536116678,0.07607616462682056,0.5740392817615116
2146,0.5499136899499465,0.4335270098851166,0.016559300164936955
2147,0.020690338247301054,0.9489821157901723,0.03032754596252649
2148,0.013885869341496314,0.9606550857768005,0.02545904488170335
2149,0.10934265737934985,0.5754912913357498,0.3151660512849004
2150,0.004972125571795193,0.7288330168377549,0.2661948575904501
2151,0.7434724082912272,0.11772516674469657,0.13880242496407624
2152,0.0318666533524432,0.9398251063660036,0.0283082402815532
2153,0.8088891052843918,0.019180560162143888,0.17193033455346418
2154,0.014917781225305285,0.8999502374266561,0.08513198134803855
2155,0.0011374701579200841,0.984525455192713,0.014337074649367145
2156,0.01897329591030789,0.49805073735646566,0.4829759667332264
2157,0.028173177682742793,0.905380127530875,0.06644669478638204
2158,0.006808084230362392,0.9448497857735751,0.04834212999606253
2159,0.006051547217577147,0.7993852859683774,0.19456316681404534
2160,0.6668910052515327,0.2917230993475464,0.04138589540092095
2161,0.6409437362524323,0.31253122983566367,0.046525033911904115
2162,0.02229092043944483,0.95152578712594,0.02618329243461489
2163,0.1876167772141505,0.7425599304255579,0.0698232923602918
2164,0.017583666346999347,0.9308415923683292,0.05157474128467142
2165,0.7166328897681103,0.005866108427175277,0.27750100180471443
2166,0.12785928814169467,0.04873513588649195,0.8234055759718135
2167,0.09260171119137788,0.7421132482533187,0.16528504055530321
2168,0.008472399809245877,0.9375517486236211,0.05397585156713295
2169,0.043227896692155564,0.13336372612839195,0.8234083771794523
2170,0.2165516964969176,0.7711830023265803,0.01226530117650214
2171,0.15877490301879835,0.6348163998661267,0.2064086971150748
2172,0.011266504832073232,0.9454854240891548,0.04324807107877226
2173,0.0012942412489407465,0.9913960218408336,0.00730973691022571
2175,0.008815501618952006,0.13498093947252107,0.8562035589085266
2176,0.319473783971815,0.49336320135780615,0.1871630146703789
2177,0.02252311880700652,0.9555551949681427,0.02192168622485079
2178,0.16288725575112617,0.6669157321481654,0.17019701210070826
2179,0.17521937692173306,0.6387826408024497,0.18599798227581715
2180,0.005404804018327401,0.8403394567029004,0.1542557392787721
2181,0.0703808495781592,0.10772645270577977,0.821892697716061
2183,0.5069878851941304,0.2029008855045281,0.2901112293013411
2184,0.15670066284604506,0.5260534605688053,0.3172458765851494
2185,0.1710200351302714,0.0723912671584491,0.7565886977112795
2186,0.005794220705595298,0.9633022125578291,0.030903566736575638
2187,0.021409150597030892,0.15206895550985958,0.8265218938931095
2188,0.03854753250694514,0.9155864798932886,0.04586598759976623
2189,0.029675023261862117,0.9245958924389288,0.04572908429920897
2190,0.00712621846898224,0.855085280914429,0.13778850061658876
2191,0.007098992351498077,0.8797330864259362,0.11316792122256612
2192,0.5111577860679024,0.4822813019843711,0.0065609119477264876
2193,0.04519750751598811,0.9153291998873646,0.0394732925966473
2194,0.00740830995834341,0.9792757093251225,0.013315980716534063
2195,0.15165679308695248,0.7575231209964131,0.09082008591663435
2196,0.006045613898826548,0.9621571141636419,0.03179727193753144
2197,0.0044896308649490105,0.9462411296979185,0.049269239437132385
2198,0.005424312456101575,0.9626594140038213,0.031916273540077235
2199,0.0024782218393009287,0.963963304687958,0.033558473472741004
2200,0.06651729645968947,0.3923208677135276,0.5411618358267829
2201,0.9648508005470238,0.017056385712851597,0.018092813740124693
2202,0.005210514172442442,0.9246257031700941,0.07016378265746344
2203,0.019347335676343908,0.967612848531444,0.013039815792212299
2204,0.05521940057995123,0.758280562653355,0.1865000367666933
2205,0.12798018598939484,0.5854139745923627,0.28660583941824264
2206,0.003447001958872546,0.9894859829694118,0.007067015071715706
2207,0.060909817834301216,0.8147541908042368,0.12433599136146187
2208,0.00255277211893114,0.9714752125081239,0.02597201537294501
2209,0.06281421061636076,0.24818811308934882,0.6889976762942904
2210,0.1588108707765072,0.75872890727162,0.0824602219518727
2211,0.8177525526508265,0.1331985533474969,0.04904889400167658
2212,0.0030581507319265458,0.9689785482816325,0.027963300986440887
2213,0.017774268738311054,0.7755153889705744,0.2067103422911146
2214,0.005187666010585332,0.9828577882465431,0.011954545742871574
2215,0.06964425004994429,0.9017848821208041,0.028570867829251813
2216,0.04616896415889745,0.22241740189850637,0.7314136339425963
2217,0.003195195525305055,0.9563994931693511,0.04040531130534385
2218,0.04273157734967782,0.3075344535687377,0.6497339690815839
2219,0.06969177586780435,0.08000925498991235,0.8502989691422832
2220,0.0014646193103063506,0.9931654716354958,0.005369909054198049
2221,0.23896925143252376,0.571691423289999,0.18933932527747735
2222,0.010267489922305653,0.9321045853659234,0.057627924711770744
2223,0.019217095620285212,0.48028798018347274,0.5004949241962424
2224,0.040589753489911694,0.6798660825805829,0.2795441639295055
2225,0.7267759563038358,0.2686524316676505,0.004571612028513765
2226,0.003951438513346528,0.6290937126545324,0.36695484883212104
2227,0.05948855954158429,0.5297122371334543,0.4107992033249614
2228,0.11803889265086048,0.47763218653664147,0.404328920812498
2229,0.6164544537556433,0.36444892894164327,0.01909661730271353
2230,0.02024841753787536,0.3397590793521736,0.6399925031099509
2231,0.6774629355347076,0.12624413928851752,0.19629292517677494
2232,0.038621185671838386,0.9543701628828659,0.007008651445295638
2233,0.015425881985147615,0.8272457760906403,0.1573283419242121
2234,0.17265819200440238,0.4957065089038684,0.33163529909172934
2235,0.08468578809449152,0.7699953891340775,0.145318822771431
2236,0.732550825642615,0.2170682293630605,0.0503809449943245
2237,0.05161568892307311,0.6848627003121285,0.26352161076479846
2238,0.04549415171256219,0.3297199104737611,0.6247859378136765
2239,0.013217363163362448,0.9632402007239149,0.023542436112722682
2240,0.025529683533409876,0.9591121501921327,0.015358166274457434
2241,0.4023333949461491,0.1772708811650228,0.42039572388882795
2243,0.02095283963349608,0.9410119995188501,0.038035160847653925
2244,0.020417065227616008,0.9466527862760243,0.03293014849635968
2245,0.004247689719240037,0.9688412978847053,0.026911012396054645
2246,0.02172850573544722,0.3201133247057002,0.6581581695588525
2247,0.695356023079158,0.2520506936517618,0.052593283269080256
2248,0.1923548255877857,0.6461130188918214,0.1615321555203931
2249,0.013537495667289448,0.13490207554120148,0.8515604287915091
2250,0.7926275479265921,0.20556773237985757,0.0018047196935502292
2251,0.559797279462945,0.3558735762697616,0.08432914426729345
2252,0.3161228632930915,0.526635002552373,0.15724213415453525
2253,0.002010125617669066,0.8988460263018224,0.0991438480805084
2254,0.03200326852916266,0.9400257785635379,0.027970952907299645
2255,0.14789423637658924,0.7489584584981013,0.10314730512530929
2256,0.3269752470854891,0.06269362665628107,0.6103311262582299
2257,0.019000590040912743,0.9618266514577095,0.019172758501377896
2258,0.03473499780245347,0.5379068273098399,0.4273581748877066
2259,0.16203120705784047,0.050979617561135795,0.7869891753810239
2260,0.004630481647797733,0.9642541850331003,0.031115333319102077
2261,0.5690477582179266,0.41372704767185203,0.017225194110221262
2262,0.2273463041405889,0.4814569212548073,0.29119677460460375
2263,0.05375004010892533,0.9134947986310317,0.03275516126004311
2264,0.05862784205932407,0.9040293735976555,0.03734278434302048
2265,0.03861748237533576,0.944828436356283,0.016554081268381253
2266,0.03271325888117789,0.6602564565764109,0.3070302845424114
2267,0.07692419637442698,0.5040121182364719,0.41906368538910116
2268,0.03210606750553776,0.8012772211087554,0.16661671138570686
2269,0.1611155497135191,0.02531656778077162,0.8135678825057095
2270,0.18300895039911938,0.47204249232761586,0.34494855727326473
2271,0.07952512240755032,0.7716517756327049,0.14882310195974444
2272,0.01580822526394005,0.9477169877709999,0.03647478696506032
2273,0.3098424462743255,0.6432925193975129,0.046865034328161616
2274,0.004085867630400728,0.9795923276351457,0.016321804734453615
2275,0.09756661961756291,0.4921372636494078,0.41029611673302957
2276,0.8395716912114609,0.15616308529854722,0.004265223489991719
2277,0.2575593042016665,0.7023470366304418,0.040093659167891364
2278,0.007361028607940549,0.7624392722692678,0.23019969912279178
2279,0.6305223790050638,0.04657096785640293,0.32290665313853306
2280,0.015142242835280054,0.9250735150551599,0.059784242109560154
2281,0.0036556377011464827,0.9505153946825134,0.04582896761634018
2282,0.20674894979396344,0.24441163380046843,0.5488394164055678
2283,0.7430586769045001,0.08002577005398255,0.17691555304151763
2284,0.06950844082952821,0.5916654947335963,0.33882606443687546
2285,0.07749896886018014,0.49354476904627753,0.42895626209354226
2286,0.021851262653338685,0.5133784839387789,0.46477025340788214
2287,0.047868950525575577,0.7753604492390277,0.17677060023539684
2288,0.5084014033639191,0.2304205534727223,0.2611780431633585
2289,0.0014396908780158876,0.9225007907922358,0.0760595183297481
2290,0.028766584597733003,0.13044169879530973,0.8407917166069572
2291,0.1767839912802287,0.44013072845668344,0.38308528026308764
2292,0.04771251724679443,0.9343456753696415,0.017941807383563962
2293,0.003167595395313587,0.016524079772099215,0.9803083248325873
2294,0.056102161372546644,0.24436021034907182,0.6995376282783813
2295,0.05251267174996964,0.267468101410689,0.6800192268393414
2296,0.1984592061257673,0.16142377230771593,0.6401170215665166
2297,0.2551218403967007,0.7220880113388976,0.022790148264401466
2298,0.004524811457457163,0.9732903278919474,0.022184860650595266
2299,0.012665458781130859,0.07270272723676578,0.9146318139821036
2300,0.11913331759194831,0.46269995745020387,0.41816672495784785
2301,0.00238492050811792,0.9722579072374612,0.025357172254420537
2302,0.4100201593276493,0.3463240080367551,0.2436558326355956
2303,0.16638938102901538,0.8139061549537805,0.019704464017204194
2304,0.13821888932714127,0.5173081165045827,0.3444729941682759
2305,0.02624766174964649,0.7532211635823639,0.22053117466798938
2307,0.004091842472614672,0.9700530463563749,0.025855111171010272
2308,0.0031484971094278965,0.9587864381314363,0.03806506475913588
2309,0.040687581380491986,0.8145635128915151,0.144748905727993
2310,0.3258251238204456,0.544430116112451,0.1297447600671034
2311,0.02381503189306444,0.13765934852620035,0.8385256195807352
2312,0.007198673854359378,0.9807379999965908,0.012063326149049933
2313,0.016852887009396158,0.9349712674979984,0.04817584549260543
2314,0.037063092466723395,0.16449382281637645,0.7984430847169004
2315,0.007376770503270707,0.9784771167715132,0.014146112725216178
2316,0.01252590764532122,0.345922924430941,0.6415511679237377
2317,0.06804405804414017,0.8855789052034807,0.04637703675237913
2318,0.03186010669213184,0.9228144572722506,0.045325436035617346
2319,0.5846008840569561,0.39319704699168156,0.02220206895136231
2320,0.03201520757860265,0.913607055061775,0.05437773735962239
2321,0.13874956203972377,0.8210160784825745,0.04023435947770172
2322,0.626738086103464,0.020580443094478987,0.3526814708020567
2323,0.013624744076346212,0.9692006033586154,0.017174652565038286
2324,0.11087035996110182,0.8644977189428557,0.02463192109604232
2325,0.046184209263133685,0.7876127848023328,0.1662030059345335
2326,0.20419445947504425,0.5109613081037837,0.28484423242117185
2327,0.1607776641056078,0.4181537617960426,0.42106857409834964
2328,0.030313584559500936,0.9254603615218212,0.04422605391867792
2329,0.05223102590315228,0.2678330264718215,0.6799359476250262
2330,0.2866939944632024,0.7010745996544562,0.012231405882341647
2331,0.052180104588803115,0.8984679737946515,0.04935192161654551
2332,0.006890301320806066,0.8642084263731555,0.12890127230603865
2333,0.012073734326814066,0.9745022822216525,0.013423983451533303
2334,0.06646755087904875,0.2540248540768327,0.6795075950441187
2335,0.006809832865436043,0.832557471096741,0.16063269603782285
2336,0.974417365232486,0.02010026629432122,0.005482368473192776
2337,0.1476449103260434,0.30841231629776605,0.5439427733761903
2338,0.878801616122303,0.11507650812329046,0.006121875754406481
2339,0.007045614314389251,0.9762266748704531,0.01672771081515792
2340,0.02854891833526699,0.9047110569528053,0.06674002471192776
2341,0.5574287776803519,0.40020638578220186,0.04236483653744629
2342,0.15186321126622382,0.7492961588293076,0.09884062990446876
2343,0.0455831592650452,0.8108674575299,0.14354938320505475
2344,0.06695029797726428,0.41166535195310716,0.5213843500696285
2345,0.08335479084378078,0.15228120286866978,0.7643640062875493
2346,0.01137307409949536,0.5396114180605882,0.4490155078399166
2347,0.3297628914199986,0.5855194355637297,0.08471767301627155
2348,0.001865639015773266,0.9849211780405952,0.013213182943631675
2349,0.01785681267082078,0.9329242820261068,0.04921890530307247
2350,0.016316756928808712,0.8855007820994799,0.09818246097171149
2351,0.13136729075225112,0.5589196834989101,0.30971302574883885
2352,0.018293055168014837,0.9645067567174226,0.01720018811456273
2353,0.03762016426732141,0.8783053514697177,0.08407448426296095
2354,0.1640147504537183,0.5219825129006975,0.3140027366455838
2355,0.11742688503914855,0.6102033295409525,0.2723697854198988
2356,0.016436147232015735,0.9147247420898262,0.0688391106781579
2357,0.6140448125297417,0.27751352980670674,0.10844165766355122
2358,0.4246287732741486,0.3988902488487522,0.17648097787709907
2359,0.8366049152081917,0.0884169236865292,0.07497816110527915
2360,0.3711343989338858,0.24383138815698308,0.38503421290913137
2361,0.04172256220027729,0.9466241777356681,0.011653260064054758
2362,0.25732993755953726,0.4670536074918731,0.2756164549485896
2363,0.3779629054948534,0.08652861705048479,0.5355084774546617
2364,0.03938287738467036,0.9215537259403792,0.03906339667495035
2365,0.07205820568879104,0.6909730296818956,0.23696876462931343
2366,0.042782150435490385,0.8869574966023466,0.0702603529621629
2367,0.06348466765714321,0.5381965569421171,0.3983187754007402
2368,0.037967234971841464,0.8814236735208429,0.0806090915073158
2369,0.002189067859335183,0.9386236041351771,0.05918732800548771
2370,0.20799179748657332,0.7547510106783967,0.03725719183503001
2371,0.21646048820242836,0.7148356639324882,0.06870384786508335
2372,0.19211399126920417,0.4130713831484623,0.39481462558233354
2373,0.3481179457061917,0.2262371581728536,0.4256448961209548
2374,0.5913250825629385,0.023951314819539778,0.38472360261752175
2375,0.004226428208914479,0.9394272163124956,0.056346355478589884
2376,0.002679770292212286,0.9498768801796877,0.04744334952809995
2377,0.3032845923519991,0.5784550630547172,0.11826034459328387
2378,0.3830536886965345,0.24872891087454152,0.3682174004289238
2379,0.19375011369712788,0.5583095336292384,0.24794035267363343
2380,0.34914525692885223,0.5944034415670365,0.05645130150411112
2381,0.4147535086640588,0.4815680322027924,0.1036784591331486
2382,0.035047351310351464,0.0212596375484046,0.9436930111412439
2383,0.02861201716359112,0.7076418057498546,0.2637461770865546
2384,0.03938775034543024,0.8465966621537373,0.1140155875008326
2385,0.03887977083744305,0.944038520123424,0.01708170903913278
2386,0.005949655210316628,0.975114499688722,0.01893584510096123
2387,0.03732746823134603,0.35686050446338313,0.6058120273052706
2388,0.004836953969191781,0.9734533943454008,0.02170965168540737
2389,0.034716515810287216,0.46282069112769975,0.502462793062013
2390,0.06598456157304074,0.8290257866715492,0.10498965175541014
2391,0.004096167895907643,0.9898830506276498,0.006020781476442398
2392,0.051751868500352405,0.8939667927218217,0.05428133877782612
2393,0.8085368898029276,0.12466592419968542,0.06679718599738724
2394,0.07326386701018034,0.5598150226198015,0.36692111037001807
2395,0.23497049439978834,0.5572386446152722,0.20779086098493962
2396,0.03089034629191675,0.685785267094904,0.283324386613179
2397,0.005714490901755753,0.9245284297787575,0.06975707931948691
2398,0.04000439857144613,0.20077756981800843,0.7592180316105455
2399,0.06997088852598445,0.27111534064483805,0.6589137708291776
2400,0.008845313703769574,0.959138388794907,0.032016297501323246
2401,0.05772197309656233,0.9236590413132236,0.01861898559021422
2402,0.024773611078999034,0.3934654999067507,0.5817608890142505
2403,0.054659739045017315,0.8332370804710982,0.11210318048388436
2404,0.05141559367857744,0.9187969416897394,0.02978746463168326
2405,0.01112786919154467,0.9788038492340637,0.010068281574391472
2406,0.023769529442892325,0.775330113817227,0.2009003567398811
2407,0.5212236359743518,0.4663995994516881,0.012376764573959906
2408,0.1170720764272411,0.7627567668573054,0.1201711567154534
2409,0.01946736347690109,0.8844489065219848,0.09608373000111387
2410,0.05210779701305335,0.2660645613611838,0.6818276416257628
2411,0.05797878412375303,0.8890677775493409,0.05295343832690654
2412,0.29894925517807475,0.6068221316482494,0.09422861317367555
2413,0.0035397287246356404,0.21631986722649238,0.7801404040488715
2414,0.14430468590531248,0.5610223044539038,0.29467300964078375
2415,0.022517900319306037,0.778573981129383,0.198908118551311
2416,0.008031558993002428,0.037100187286167326,0.9548682537208303
2417,0.13811607704744233,0.8334266559637539,0.028457266988803777
2418,0.05283211753533634,0.4753566269444952,0.47181125552016867
2419,0.002089584201147376,0.9788658123791922,0.019044603419660223
2420,0.0717137007804815,0.4511952357999769,0.4770910634195419
2421,0.02401930028244198,0.9625976143309192,0.0133830853866389
2422,0.684126286706674,0.2827295321482991,0.03314418114502694
2423,0.15558651027205694,0.31952369614317105,0.524889793584772
2424,0.030662339407667247,0.8199119417049433,0.14942571888738954
2425,0.0783164377554686,0.24445190440342196,0.6772316578411095
2426,0.19486618302860137,0.48506760519660935,0.3200662117747894
2427,0.04808549102584941,0.7537922070873347,0.19812230188681548
2429,0.048933799894151364,0.3781605329577331,0.5729056671481155
2430,0.2064867693917669,0.5986245381981604,0.19488869241007256
2431,0.39752819357730496,0.05252310435451384,0.5499487020681811
2432,0.0012688736208044907,0.9787842839448688,0.019946842434326647
2433,0.007718888452381785,0.9619655974370617,0.03031551411055678
2434,0.2681973646060149,0.7260551963052645,0.005747439088720232
2435,0.014059840353156699,0.9723747814808406,0.013565378166002805
2436,0.004522883625817167,0.9695934056682692,0.02588371070591353
2437,0.035816906994711246,0.9477055210057845,0.016477571999504288
2438,0.15344361069296383,0.5290212188912121,0.3175351704158239
2439,0.0131125495791783,0.9443419982317933,0.04254545218902827
2440,0.8795631824263248,0.08747163137355882,0.03296518620011623
2441,0.028288939708847435,0.7929257759549299,0.1787852843362229
2442,0.9066324821292322,0.09042470704143225,0.0029428108293354602
2443,0.37978754203144155,0.5107489000764457,0.10946355789211248
2444,0.017927083332377768,0.9395803187220729,0.042492597945549056
2445,0.42908987398322174,0.4351066869026822,0.13580343911409623
2446,0.05708048906659107,0.9148750613705986,0.028044449562810325
2447,0.003743449993506056,0.15343608480077672,0.842820465205717
2448,0.7373608242860369,0.23695836540715332,0.025680810306809698
2449,0.09825390175113147,0.4037017839728343,0.49804431427603435
2450,0.01837360667163879,0.10801521031040126,0.8736111830179599
2451,0.16565517042783662,0.4585418188237385,0.3758030107484251
2452,0.036046005728307254,0.5566793853105219,0.407274608961171
2453,0.009166912929780188,0.04500648338812072,0.9458266036820988
2454,0.18596784999518295,0.43344697166566903,0.380585178339148
2455,0.001796766587574033,0.9412192623413492,0.056983971071076694
2456,0.045413857849220786,0.8213235259674317,0.13326261618334745
2457,0.13672923411345883,0.7931196511174714,0.07015111476907014
2458,0.017306709824703673,0.9425060036755374,0.04018728649975892
2459,0.03315470131359168,0.20754258672528636,0.7593027119611218
2460,0.012860674189311406,0.4236548646235434,0.5634844611871453
2461,0.0320601526926196,0.9429125824941083,0.025027264813272262
2462,0.02659112579988212,0.9259090950046754,0.04749977919544259
2463,0.0032549885204707116,0.680339791064922,0.3164052204146076
2464,0.001671627812194583,0.21915117689309635,0.7791771952947091
2465,0.23107162955530114,0.4093869419766699,0.35954142846802883
2466,0.011663747392818237,0.9805580229382523,0.007778229668929501
2467,0.11047994485630927,0.4419101123919513,0.44760994275173904
2468,0.06196112349296633,0.9140922773323458,0.023946599174688093
2469,0.6805736310788785,0.03608414953511431,0.2833422193860075
2470,0.976266016977931,0.01808636120763732,0.005647621814431825
2471,0.09182852668251604,0.7548176602267312,0.15335381309075274
2472,0.02273515052582755,0.9613098840846852,0.015954965389487315
2473,0.38698044044244195,0.4229152237599432,0.1901043357976147
2474,0.011104701460792525,0.07779564742135146,0.9110996511178558
2475,0.048538591097014055,0.7467834373056195,0.20467797159736645
2476,0.29860624075198317,0.5524977820438355,0.1488959772041812
2477,0.029610869290934188,0.8947695563820005,0.07561957432706544
2478,0.005821094607139255,0.9872130569931503,0.006965848399710555
2479,0.005533839864766076,0.9763292274201937,0.018136932715040115
2480,0.030117242710872585,0.6968112329397258,0.2730715243494016
2481,0.041599638837029884,0.37623756966539434,0.582162791497576
2482,0.05223105003661658,0.26783320907734914,0.6799357408860347
2483,0.013841218432890575,0.6727712527712671,0.3133875287958422
2484,0.03823848352466777,0.938521699476915,0.023239816998417272
2485,0.079372948350024,0.740368953002653,0.1802580986473231
2486,0.0049040130767708445,0.952540490558983,0.04255549636424617
2487,0.007619884614995826,0.9758651648381104,0.016514950546894155
2488,0.18367517194954963,0.8023590226278734,0.013965805422576947
2489,0.0023852719449360673,0.9203902079947431,0.07722452006032102
2490,0.005064111426466021,0.8701410923605212,0.12479479621301302
2491,0.010040258422145154,0.9059464539760749,0.0840132876017799
2492,0.19629688309178972,0.04464761328051371,0.7590555036276966
2493,0.1536894747019609,0.07594053104770243,0.7703699942503368
2494,0.10373045963615621,0.7154362253935509,0.18083331497029254
2495,0.0006887085286426275,0.9706247346252219,0.028686556846135434
2496,0.31407373616612944,0.590687825140742,0.09523843869312841
2497,0.023037108997507386,0.13777612691566907,0.8391867640868234
2498,0.06491595610280756,0.8391985046521104,0.09588553924508178
2499,0.0030188764240122,0.980439406528254,0.016541717047733658
2500,0.03215268682888294,0.7943649867151428,0.1734823264559741
2501,0.0065661911828802785,0.9501668688529156,0.04326693996420428
2502,0.09894790372206715,0.8732718950430662,0.027780201234867005
2503,0.15107090333590598,0.2831456118372536,0.5657834848268402
2504,0.9101238550824697,0.012179226093668928,0.07769691882386129
2505,0.7292889116779846,0.26660302787776474,0.0041080604442508065
2506,0.006390061986551988,0.970939327272467,0.022670610740981145
2507,0.8258375439576101,0.07963110672870419,0.09453134931368573
2508,0.022945518586814373,0.21262365883507292,0.7644308225781126
2509,0.011799475950394366,0.886567510387407,0.10163301366219854
2510,0.30928242606854933,0.5085355080659016,0.18218206586554933
2511,0.0030530965813333776,0.9500849752610786,0.046861928157587864
2512,0.04944678749529152,0.6596317993046881,0.2909214132000203
2513,0.22058683098067752,0.5406788737914793,0.2387342952278433
2514,0.2768162962983533,0.035768040412799115,0.6874156632888476
2515,0.03684632404445281,0.3743386456018509,0.588815030353696
2516,0.660089875135523,0.3234073710762203,0.016502753788256705
2517,0.9414316996324901,0.043772621204626785,0.014795679162883041
2518,0.16409842538794142,0.4291854274262755,0.406716147185783
2519,0.034978914074344315,0.6834887446895606,0.2815323412360951
2520,0.02385886396039159,0.9666598949983211,0.00948124104128732
2521,0.24556573802601775,0.7312937763025162,0.023140485671465972
2522,0.016807742967222535,0.7925971698663798,0.19059508716639773
2523,0.29043184787548193,0.5656920175244375,0.1438761346000803
2524,0.05461166560870139,0.5395452545711954,0.40584307982010315
2525,0.043878784526438556,0.8130420420148952,0.1430791734586663
2526,0.1731222231955229,0.7555777347409177,0.07130004206355914
2527,0.05104347710363705,0.2608105618031064,0.6881459610932564
2528,0.055130322682752565,0.33234107187861944,0.6125286054386281
2529,0.04848545139288475,0.22658148195648434,0.7249330666506307
2530,0.01013782085544956,0.13046015490937415,0.8594020242351763
2531,0.5390227162331489,0.31056647167826856,0.1504108120885824
2532,0.23878453351426618,0.6297187505182804,0.13149671596745321
2533,0.6693369065449947,0.3061290085972379,0.02453408485776742
2534,0.00725901713396872,0.028983519055043174,0.963757463810988
2535,0.0037727566016591287,0.9499009186728476,0.04632632472549308
2536,0.1914630057859148,0.6285644895729968,0.17997250464108833
2537,0.0665053158938296,0.7734981522032769,0.15999653190289345
2538,0.010167104160119383,0.06044222235965421,0.9293906734802261
2539,0.1354509292216543,0.6757873632522104,0.18876170752613525
2540,0.006294413962550204,0.9651411375417316,0.028564448495718292
2541,0.6126019864485882,0.365426717174114,0.021971296377297875
2542,0.14901283676544375,0.8380648613513567,0.0129223018831996
2543,0.3005689013341468,0.6063220948507227,0.09310900381513033
2544,0.013804516231273382,0.9571850431057575,0.029010440662969122
2545,0.051924838625119624,0.26580331464986234,0.6822718467250178
2546,0.09694946899653882,0.8554345877281055,0.047615943275355406
2547,0.005720337958817927,0.8944349102930119,0.09984475174817016
2548,0.011632029082994757,0.8430852517679083,0.14528271914909674
2549,0.11503105520137502,0.5776099898198581,0.30735895497876675
2550,0.3779017585904518,0.2840323780203538,0.3380658633891944
2551,0.05104948817656837,0.25884611770901716,0.6901043941144145
2552,0.037688985353417324,0.05872593314679819,0.9035850814997846
2553,0.41477241202812676,0.4099873971881353,0.175240190783738
2554,0.0995206323140851,0.8582634975287208,0.04221587015719438
2555,0.2804286019550511,0.28337899129661204,0.4361924067483368
2556,0.020320230502402982,0.5168254960982939,0.46285427339930274
2557,0.10712957375442933,0.47417997580840876,0.41869045043716197
2558,0.01661911547914722,0.1060232494172116,0.8773576351036412
2559,0.013218310315661026,0.9818618462077064,0.004919843476632703
2560,0.11196119578262081,0.59088592006414,0.2971528841532391
2561,0.051161469265326796,0.25690073427936405,0.6919377964553093
2562,0.02756613829788627,0.8065128977284436,0.1659209639736702
2563,0.2872998160166739,0.46734841067725574,0.24535177330607053
2564,0.02587491189170299,0.9378766000185097,0.03624848808978729
2565,0.762058468685319,0.042451313675796395,0.19549021763888447
2566,0.13629317378889383,0.46067502145221856,0.4030318047588877
2567,0.0024886168409818613,0.9800483240178578,0.01746305914116047
2568,0.3357495621935511,0.6537191306674552,0.010531307138993846
2569,0.5099228347911359,0.2060775205979593,0.28399964461090454
2570,0.02487551699800665,0.9413262681547856,0.033798214847207776
2571,0.00586660840232308,0.8653802116372352,0.12875317996044194
2572,0.004476834856021788,0.951413760375658,0.044109404768320135
2573,0.008565361709502997,0.9796133351376394,0.011821303152857641
2574,0.02525019405937758,0.11121166662578857,0.8635381393148337
2575,0.008255357358842159,0.9830507379001849,0.008693904740973169
2576,0.005800488150375933,0.09352500345524702,0.9006745083943767
2577,0.1159692483631189,0.03960371594378166,0.8444270356930996
2578,0.0022428645187331283,0.9707421491374502,0.027014986343816768
2579,0.19097541293717693,0.0614226766803228,0.7476019103825001
2580,0.010362080466351918,0.97621440338294,0.01342351615070822
2581,0.0028204310468905257,0.9681262528593438,0.029053316093765505
2582,0.01946071651936259,0.9504852607056328,0.03005402277500456
2583,0.007995136569143474,0.9823857885361503,0.009619074894706005
2584,0.05143576443487417,0.256886901246843,0.6916773343182833
2585,0.003631230125087623,0.9777995469014861,0.0185692229734261
2586,0.2273233537422401,0.7525053240192592,0.020171322238500558
2587,0.05031180859931293,0.8698304884069666,0.07985770299372041
2588,0.0033626749428688997,0.6401293008242223,0.3565080242329088
2589,0.07380738856825729,0.34181807890439714,0.5843745325273457
2590,0.27809036098315804,0.5238237849274202,0.19808585408942203
2591,0.0718640505145976,0.8804218697647407,0.047714079720661655
2592,0.01760185435793435,0.8088405483477848,0.173557597294281
2593,0.28891556817881286,0.5734638489214403,0.13762058289974644
2594,0.5955920153043857,0.20180034513104567,0.20260763956456862
